000001.XSHE	2021-01-27	16.6057	1.5507	2.9551	3.3346
000002.XSHE	2021-01-27	8.4348	1.6853	0.8861	4.8047
000004.XSHE	2021-01-27	46.7656	2.2738	22.4148	30.3867
000005.XSHE	2021-01-27	22.7056	1.4351	11.5734	-8155.7451
000006.XSHE	2021-01-27	7.9383	0.9313	2.3365	-5.2497
000007.XSHE	2021-01-27	-74.6688	6.343999999999999	23.3271	108.9695
000008.XSHE	2021-01-27	160.3403	0.9865	2.7136	22.8894
000009.XSHE	2021-01-27	29.44	2.7068	1.795	17.3635
000010.XSHE	2021-01-27	107.7654	6.5194	1.9609999999999999	-44.0389
000011.XSHE	2021-01-27	7.8112	2.0765	1.5336	50.3143
000012.XSHE	2021-01-27	29.1292	2.0603	2.0374	278.402
000014.XSHE	2021-01-27	33.8772	1.7316	2.7063	8.4643
000016.XSHE	2021-01-27	45.0405	1.9928	0.3926	-14.2797
000017.XSHE	2021-01-27	-626.5045	109.5339	14.1214	129.0487
000019.XSHE	2021-01-27	21.7423	1.6645	0.6505	-50.2322
000020.XSHE	2021-01-27	349.131	7.2403	3.5951	-502.1319
000021.XSHE	2021-01-27	56.8686	4.1137	2.1711	-135.4638
000023.XSHE	2021-01-27	-319.6743	4.9148	1.4338	-22.3096
000025.XSHE	2021-01-27	34.6142	5.2294	15.3839	2668.0032
000026.XSHE	2021-01-27	22.223000000000003	2.0383	1.4325	32.9024
000027.XSHE	2021-01-27	7.4478	1.0584	1.4656	33.6183
000028.XSHE	2021-01-27	13.1923	1.2745	0.3112	-19.9207
000029.XSHE	2021-01-27	21.6431	1.8238	3.6222	7.8359
000030.XSHE	2021-01-27	12.5866	1.7249	1.0765	176.8662
000031.XSHE	2021-01-27	22.0759	0.9014	0.5949	1.4713
000032.XSHE	2021-01-27	59.463	4.9584	5.3716	260.6306
000034.XSHE	2021-01-27	21.3565	2.787	0.1427	9.8741
000035.XSHE	2021-01-27	12.0206	0.8697	0.4526	22.7926
000036.XSHE	2021-01-27	7.4683	1.1328	1.609	-9.9203
000037.XSHE	2021-01-27	36.705999999999996	2.5034	4.3847	-72.0443
000038.XSHE	2021-01-27	23.0185	1.733	3.0708	-13.8131
000039.XSHE	2021-01-27	37.3971	1.7072	0.6834	8.6616
000040.XSHE	2021-01-27	-3.542	0.3297	1.4913	-0.821
000042.XSHE	2021-01-27	-145.8345	0.7693	0.6532	-13.8798
000045.XSHE	2021-01-27	124.0982	1.2718	1.7601	89.9917
000046.XSHE	2021-01-27	-7.7287	0.7596	1.158	6.5335
000048.XSHE	2021-01-27	9.0824	4.2836	2.0022	9.9691
000049.XSHE	2021-01-27	27.8414	5.8581	0.7928	73.7793
000050.XSHE	2021-01-27	39.3486	1.2113	1.3668	-220.6556
000055.XSHE	2021-01-27	11.087	0.8678	1.5152	10.06
000056.XSHE	2021-01-27	-81.6997	0.5917	4.4056	-56.519
000058.XSHE	2021-01-27	119.531	3.7689	5.0414	-506.8391
000059.XSHE	2021-01-27	-97.6298	0.7014	0.2926	-115.3083
000060.XSHE	2021-01-27	18.2345	1.3634	0.5604	221.5754
000061.XSHE	2021-01-27	23.7621	1.8637	3.2576	-20.6753
000062.XSHE	2021-01-27	20.141	2.2311	0.7635	222.1204
000063.XSHE	2021-01-27	35.8371	3.6255	1.5436	16.5712
000065.XSHE	2021-01-27	7.4112	1.0113	0.4672	3.407
000066.XSHE	2021-01-27	70.9589	6.5401	4.6127	42.6885
000068.XSHE	2021-01-27	3717.4401	5.995	10.3392	-11.0792
000069.XSHE	2021-01-27	4.8827	0.8046	0.8904	32.7489
000070.XSHE	2021-01-27	29.8998	2.2368	1.5644	26.1122
000078.XSHE	2021-01-27	131.4541	1.5429	0.2519	-34.6755
000088.XSHE	2021-01-27	31.7304	1.5017	24.9057	8.7748
000089.XSHE	2021-01-27	304.1053	1.3394	5.0661	15.3122
000090.XSHE	2021-01-27	4.4311	1.2204	0.5637	-2.6718
000096.XSHE	2021-01-27	35.6635	1.7709	3.7337	44.2008
000099.XSHE	2021-01-27	19.9638	1.1495	2.5847	-115.9543
000100.XSHE	2021-01-27	63.5784	3.9706	2.0202	-28.1659
000150.XSHE	2021-01-27	-1.3689	4.1354	1.5129	-105.0947
000151.XSHE	2021-01-27	141.1424	2.2522	2.1485	87.307
000153.XSHE	2021-01-27	28.7535	1.5878	0.6702	-51.5651
000155.XSHE	2021-01-27	117.9143	5.7488	10.2348	51.3613
000156.XSHE	2021-01-27	24.8806	1.0799	3.7869	-47.1224
000157.XSHE	2021-01-27	14.6495	2.0808	1.6966	-67.2251
000158.XSHE	2021-01-27	784.1455	1.415	1.0253	32.7753
000159.XSHE	2021-01-27	23.2859	1.1123	5.2032	-44.0214
000166.XSHE	2021-01-27	15.9087	1.3686	4.0282	5.6397
000301.XSHE	2021-01-27	108.0141	4.0953	3.2764	26.8263
000333.XSHE	2021-01-27	27.666	6.1062	2.5031	105.7259
000338.XSHE	2021-01-27	17.389	3.2221	0.816	31.3437
000400.XSHE	2021-01-27	22.2007	1.6619	1.2684	-127.2462
000401.XSHE	2021-01-27	8.2158	1.3913	0.569	-22.0887
000402.XSHE	2021-01-27	6.1364	0.5251	0.7821	7.6098
000403.XSHE	2021-01-27	141.5545	22.2002	20.6763	-287.6333
000404.XSHE	2021-01-27	65.9785	0.9196	0.304	-5.9336
000407.XSHE	2021-01-27	23.1384	1.3612	0.7869	-17.5855
000408.XSHE	2021-01-27	72.7791	2.3193	8.9135	25.6165
000409.XSHE	2021-01-27	-10.7494	4.1371	0.867	-4.832
000410.XSHE	2021-01-27	-5.3397	9.4692	4.8336	6.5787
000411.XSHE	2021-01-27	23.8345	2.1001	0.1374	207.4043
000413.XSHE	2021-01-27	-3.3587	0.4379	1.3627	-0.9495
000415.XSHE	2021-01-27	-4.1874	0.4283	0.4001	0.8559
000416.XSHE	2021-01-27	98.5699	2.7227	35.3432	132.7801
000417.XSHE	2021-01-27	28.176	0.8784	0.3628	12.5742
000419.XSHE	2021-01-27	11.3625	0.7505	0.7586	10.2926
000420.XSHE	2021-01-27	-18.8296	1.3513	1.5756	37.1629
000421.XSHE	2021-01-27	7.7516	1.0866	0.4709	69.8925
000422.XSHE	2021-01-27	54.9101	12.9892	0.19399999999999998	92.5904
000423.XSHE	2021-01-27	-33.9339	2.3662	10.540999999999999	-55.0915
000425.XSHE	2021-01-27	14.4554	1.4409	0.6526	12.0567
000426.XSHE	2021-01-27	161.0479	2.5964	14.8774	97.8356
000428.XSHE	2021-01-27	-15.7067	1.0597	4.1766	-21.9132
000429.XSHE	2021-01-27	24.7812	1.3396	5.5837	1306.2413
000430.XSHE	2021-01-27	-20.8376	1.197	8.9879	-43.5416
000488.XSHE	2021-01-27	14.0487	1.3086	0.7682	-14829.7227
000498.XSHE	2021-01-27	8.3779	1.2218	0.2662	18.3214
000501.XSHE	2021-01-27	13.5488	0.8638	0.8848	33.374
000502.XSHE	2021-01-27	-91.1288	6.8758	78.7116	-83.1313
000503.XSHE	2021-01-27	4151.5273	6.4136	46.4989	49.3779
000504.XSHE	2021-01-27	117.7681	279.4495	28.0577	45.6569
000505.XSHE	2021-01-27	34.2809	2.1074	0.696	21.3178
000506.XSHE	2021-01-27	-26.2908	2.0622	3.6195	-769.1838
000507.XSHE	2021-01-27	22.6247	0.9721	1.5823	5.5249
000509.XSHE	2021-01-27	-16.1063	20.503	45.678000000000004	-150.3981
000510.XSHE	2021-01-27	50.7433	2.4039	1.1256	135.0898
000513.XSHE	2021-01-27	21.3351	3.0983	3.5886	19.8306
000514.XSHE	2021-01-27	10.7591	0.9179999999999999	3.6987	-50.6912
000516.XSHE	2021-01-27	-24.7816	4.9042	15.7193	-30.2622
000517.XSHE	2021-01-27	4.5162	1.2343	1.0836	4.1962
000518.XSHE	2021-01-27	167.5662	7.0173	9.1633	890.0809
000519.XSHE	2021-01-27	46.3171	1.6442	2.384	14.5038
000520.XSHE	2021-01-27	229.395	7.3327	4.4841	-943.6687
000521.XSHE	2021-01-27	-27.6928	0.8485	0.2754	7.3681
000523.XSHE	2021-01-27	-1.5433	2.4458	0.2366	6.631
000524.XSHE	2021-01-27	-34.596	1.8086	1.3875	-13.8309
000525.XSHE	2021-01-27	-6.0955	0.7107	0.9390000000000001	-312.1596
000526.XSHE	2021-01-27	-222.9304	33.6868	1.7611	16.7098
000528.XSHE	2021-01-27	10.687000000000001	1.0861	0.5528	24.1424
000529.XSHE	2021-01-27	10.3198	1.8983	1.0739	5.4229
000530.XSHE	2021-01-27	-274.8378	0.8913	1.7452	206.6933
000531.XSHE	2021-01-27	6.9670000000000005	1.1481	1.6154	6.2411
000532.XSHE	2021-01-27	19.896	3.7529	7.3833	14.9776
000533.XSHE	2021-01-27	101.3022	3.0079	1.2697	-25.0091
000534.XSHE	2021-01-27	117.6051	6.979	13.3168	157.7987
000536.XSHE	2021-01-27	-15.5309	1.4438	4.4227	1847.5187
000537.XSHE	2021-01-27	4.0952	0.705	0.449	76.613
000538.XSHE	2021-01-27	35.3488	4.538	5.4155	-38.5562
000539.XSHE	2021-01-27	13.6854	0.6955	0.6569	19.8393
000540.XSHE	2021-01-27	46.2392	1.0201	0.7915	9.7128
000541.XSHE	2021-01-27	32.3946	1.8891	2.8435	255.1936
000543.XSHE	2021-01-27	9.6747	0.5929	0.5319	208.7432
000544.XSHE	2021-01-27	9.1206	0.9657	2.8855	6.528
000545.XSHE	2021-01-27	-33.6474	1.3595	1.6428	-162.9066
000546.XSHE	2021-01-27	9.4535	1.0669	0.564	-68.6687
000547.XSHE	2021-01-27	52.8347	5.167000000000001	9.0904	-92.6695
000548.XSHE	2021-01-27	21.3767	1.0385	4.8362	-12.9105
000550.XSHE	2021-01-27	30.5974	1.5337	0.5091	12.5024
000551.XSHE	2021-01-27	26.2311	1.6176	1.0016	28.5485
000552.XSHE	2021-01-27	12.5465	0.8293	1.6943	36.5351
000553.XSHE	2021-01-27	-63.2823	0.8431	0.6574	16.2599
000554.XSHE	2021-01-27	377.8925	2.1727	0.8393	7.9869
000555.XSHE	2021-01-27	33.5506	2.4672	1.2699	-126.1331
000557.XSHE	2021-01-27	31.8422	1.0779	6.6837	22.8628
000558.XSHE	2021-01-27	56.2886	2.8538	23.8513	17.166
000559.XSHE	2021-01-27	38.8302	1.9846	1.5511	4.9363
000560.XSHE	2021-01-27	22.0589	0.9294	1.0232	7.8791
000561.XSHE	2021-01-27	45.4289	2.93	3.0824	36.9228
000563.XSHE	2021-01-27	19.648	1.1426	6.3725	18.2109
000564.XSHE	2021-01-27	-10.4679	0.4741	4.9999	-1.6578
000565.XSHE	2021-01-27	43.9777	1.5595	4.2139999999999995	-140.5118
000566.XSHE	2021-01-27	-33.9343	1.9889	4.1062	-113.2128
000567.XSHE	2021-01-27	70.8844	1.1876	20.5785	-16.8671
000568.XSHE	2021-01-27	65.7085	16.9951	23.3419	-1287.9764
000570.XSHE	2021-01-27	69.7592	1.4077	1.3802	56.3275
000571.XSHE	2021-01-27	-3.1736	2.9983	1.6538	-28.5903
000572.XSHE	2021-01-27	79.7345	0.8881	1.2704	15.5321
000573.XSHE	2021-01-27	-22.315	1.067	2.57	-8.6797
000576.XSHE	2021-01-27	5.8389999999999995	2.3655	9.7563	41.9589
000581.XSHE	2021-01-27	8.1801	1.2789	1.8308	-18.8052
000582.XSHE	2021-01-27	13.8207	1.5171	2.8964	-30.3254
000584.XSHE	2021-01-27	-120.1169	1.9412	2.7754	29.3331
000585.XSHE	2021-01-27	10.8208	10.7398	15.4797	232.6987
000586.XSHE	2021-01-27	118.0412	5.0792	2.8097	320.5046
000587.XSHE	2021-01-27	-0.3248	-0.9336	0.5243	13.0577
000589.XSHE	2021-01-27	13.7123	1.3836	0.8640000000000001	9.7663
000590.XSHE	2021-01-27	42.7366	2.9603	6.8458	-281.0864
000591.XSHE	2021-01-27	19.8607	1.5222	4.1657	-149.0902
000592.XSHE	2021-01-27	184.2856	1.4362	4.5192	6857.7383
000593.XSHE	2021-01-27	45.2184	1.7498	1.4232	18.9294
000595.XSHE	2021-01-27	-8.2894	8.7777	9.4799	212.3591
000596.XSHE	2021-01-27	65.45	12.7422	12.0519	85.3523
000597.XSHE	2021-01-27	-12249.7352	1.7059	0.8836	27.7681
000598.XSHE	2021-01-27	11.3221	1.1228	2.5443	5.4711
000599.XSHE	2021-01-27	-11.8754	1.0357	0.826	8.7449
000600.XSHE	2021-01-27	8.7189	0.7226	0.6377	62.9375
000601.XSHE	2021-01-27	22.8703	1.2768	1.3234	109.8312
000603.XSHE	2021-01-27	31.1894	4.0789	4.4422	-150.4927
000605.XSHE	2021-01-27	48.0672	0.8986	0.9678	-55.2095
000606.XSHE	2021-01-27	-1.9635	1.1774	0.4266	-36.4966
000607.XSHE	2021-01-27	-105.6721	2.3232	2.4438	28.5648
000608.XSHE	2021-01-27	-20.2489	0.8486	11.5985	18.2975
000609.XSHE	2021-01-27	15.1753	0.7856	1.9296	-22.8634
000610.XSHE	2021-01-27	28.4068	1.8848	4.5309	680.5604
000611.XSHE	2021-01-27	274.8846	2.428	48.9945	3.6194
000612.XSHE	2021-01-27	20.604	1.9767	1.9556	86.7342
000613.XSHE	2021-01-27	-167.4837	18.1618	77.248	-1866.4536
000615.XSHE	2021-01-27	-188.1414	4.484	2.7107	-9.2389
000616.XSHE	2021-01-27	1653.7014	0.7237	38.8922	-1.2803
000617.XSHE	2021-01-27	10.2779	0.9285	2.6077	-7.0218
000619.XSHE	2021-01-27	59.986000000000004	0.7815	0.5217	11.0202
000620.XSHE	2021-01-27	-119.0478	0.5534	0.4035	-2.8933
000622.XSHE	2021-01-27	872.7828	6.9826	3.8621	-47.7727
000623.XSHE	2021-01-27	10.502	0.8098	7.8235	22.3091
000625.XSHE	2021-01-27	27.9449	1.8265	1.203	9.0126
000626.XSHE	2021-01-27	161.1969	2.9044	0.1381	96.8885
000627.XSHE	2021-01-27	14.761	0.9479	0.465	1.834
000628.XSHE	2021-01-27	18.2029	2.1064	0.5895	21.745
000629.XSHE	2021-01-27	87.2392	1.827	1.6368	84.4789
000630.XSHE	2021-01-27	29.2917	1.3441	0.2684	33.4432
000631.XSHE	2021-01-27	28.0472	1.1435	10.4749	-14.2138
000632.XSHE	2021-01-27	32.1203	1.1085	0.2341	11.6839
000633.XSHE	2021-01-27	232.4895	16.3863	21.5894	-311.8302
000635.XSHE	2021-01-27	92.2986	0.8186	1.1396	14.293
000636.XSHE	2021-01-27	97.4161	5.3512	8.455	41.5424
000637.XSHE	2021-01-27	111.5904	2.1423	0.441	9.3927
000638.XSHE	2021-01-27	186.9695	10.4561	15.8609	-28.6274
000639.XSHE	2021-01-27	-7.7779	1.6403	1.0716	-25.0256
000650.XSHE	2021-01-27	16.8881	1.6226	1.9851	18.1724
000651.XSHE	2021-01-27	21.9559	3.284	2.0864	-18.0082
000652.XSHE	2021-01-27	20.8002	1.4099	0.3539	535.1801
000655.XSHE	2021-01-27	19.54	1.4939	3.1206	12.167
000656.XSHE	2021-01-27	6.0954	1.2674	0.517	25.5058
000657.XSHE	2021-01-27	44.6113	1.7107	0.8454	24.5607
000659.XSHE	2021-01-27	416.2963	6.4327	3.4662	380.6968
000661.XSHE	2021-01-27	69.6278	19.1871	23.3625	106.8375
000662.XSHE	2021-01-27	-0.1164	0.9242	-2.3676	-431.7009
000663.XSHE	2021-01-27	-5.46	2.8254	2.6803	-26.2774
000665.XSHE	2021-01-27	-34.8154	0.6503	1.7783	10.8781
000666.XSHE	2021-01-27	14.3254	0.5712	0.6911	-1.3579
000667.XSHE	2021-01-27	-30.4163	0.6691	1.1554	12.3646
000668.XSHE	2021-01-27	-42.873999999999995	2.2465	23.7744	-154.4336
000669.XSHE	2021-01-27	-1.6608	0.9113	0.5071	36.3398
000670.XSHE	2021-01-27	-11.0824	18394.5098	30.5898	62.4837
000671.XSHE	2021-01-27	4.8384	0.84	0.309	-155.784
000672.XSHE	2021-01-27	6.227	2.3008	1.9704	20.0673
000673.XSHE	2021-01-27	-1.5002	-4.1283	3.9902	-23.2282
000676.XSHE	2021-01-27	88.663	1.0589	0.594	8.968
000677.XSHE	2021-01-27	343.7825	7.9995	3.3405	6910.2671
000678.XSHE	2021-01-27	-122.2748	1.8208	1.7863	21.8754
000679.XSHE	2021-01-27	-7.2031	1.7167	3.6212	6.4081
000680.XSHE	2021-01-27	135.3919	1.5299	0.7902	100.5618
000681.XSHE	2021-01-27	78.609	3.1366	17.1745	-66.3241
000682.XSHE	2021-01-27	22.8526	1.7395	1.5775	71.6806
000683.XSHE	2021-01-27	-355.8211	0.7947	1.0835	-6.6441
000685.XSHE	2021-01-27	8.6057	0.8507	5.1651	61.5009
000686.XSHE	2021-01-27	15.8103	1.2572	3.1584	11.9002
000687.XSHE	2021-01-27	-0.8504	-2.1118	-8.162	-122.5161
000688.XSHE	2021-01-27	150.7035	4.5098	9.4572	16.8614
000690.XSHE	2021-01-27	8.9528	1.5638	2.2059	17.8766
000691.XSHE	2021-01-27	124.1409	22.0729	11.8064	75.2652
000692.XSHE	2021-01-27	-10.4776	1.4858	0.7597	-89.1379
000695.XSHE	2021-01-27	-182.4743	3.01	2.0658	-8.4856
000697.XSHE	2021-01-27	-3.9092	4.8612	4.8546	72.589
000698.XSHE	2021-01-27	-9.002	1.4299	0.5567	11.3923
000700.XSHE	2021-01-27	-209.0631	1.9857	0.9201	44.275
000701.XSHE	2021-01-27	-0.8307	10.6733	0.0262	-2.0517
000702.XSHE	2021-01-27	210.8325	2.5464	1.5731	-49.3954
000703.XSHE	2021-01-27	12.2981	1.9825	0.6317	16.2044
000705.XSHE	2021-01-27	10.4131	1.2863	0.6703	18.1295
000707.XSHE	2021-01-27	-3.292	-7.7901	0.5083	-45.7097
000708.XSHE	2021-01-27	25.8116	5.3825	1.9714	-166.1148
000709.XSHE	2021-01-27	11.546	0.4555	0.2076	-9.8952
000710.XSHE	2021-01-27	56.985	5.5824	8.4881	1136.1633
000711.XSHE	2021-01-27	-1.4669	0.5266	2.0723	55.1524
000712.XSHE	2021-01-27	91.2111	3.8254	7.0920000000000005	75.1282
000713.XSHE	2021-01-27	98.1603	3.9994	2.7599	-5144.5234
000715.XSHE	2021-01-27	31.4602	1.1756	1.3168	6.9367
000716.XSHE	2021-01-27	-113.7188	0.8511	0.5904	-47.6571
000717.XSHE	2021-01-27	5.584	1.1008	0.3252	40.9256
000718.XSHE	2021-01-27	8.9128	1.3784	2.9303	-13.2795
000719.XSHE	2021-01-27	7.6876	0.7917	0.7199	4.4514
000720.XSHE	2021-01-27	373.92699999999996	1.8919	1.8096	-19.1623
000721.XSHE	2021-01-27	-17.706	3.5095	5.4046	-29.0774
000722.XSHE	2021-01-27	30.5249	0.8991	13.968	-53.3232
000723.XSHE	2021-01-27	49.8544	3.0309	2.4008	347.1935
000725.XSHE	2021-01-27	94.8583	2.779	1.8266	18.3358
000726.XSHE	2021-01-27	11.3758	0.6823	0.9766	7.5029
000727.XSHE	2021-01-27	-2.2785	3.4122	1.7051	-8.6857
000728.XSHE	2021-01-27	27.2618	1.1545	7.8709	8.8536
000729.XSHE	2021-01-27	265.3	1.4107	1.743	18.6391
000731.XSHE	2021-01-27	54.8581	0.968	1.0217	-7.8174
000732.XSHE	2021-01-27	-1.9075	0.3917	1.3216	-0.6831
000733.XSHE	2021-01-27	85.9935	5.3902	8.2281	278.8375
000735.XSHE	2021-01-27	56.9147	2.3436	4.2345	27.5773
000736.XSHE	2021-01-27	6.6491	1.4789	0.2528	0.5929
000737.XSHE	2021-01-27	51.6632	5.1695	2.2453	-80.2993
000738.XSHE	2021-01-27	72.1431	4.3358	7.5131	39.0652
000739.XSHE	2021-01-27	38.1658	6.8265	3.7729	20.891
000750.XSHE	2021-01-27	39.0116	1.5348	6.2603	5.4403
000751.XSHE	2021-01-27	20.6779	1.5372	0.5965	-1011.7071
000752.XSHE	2021-01-27	-2.7705	-41.5189	2.5734	-3.1872
000753.XSHE	2021-01-27	20.1087	1.0574	0.9031	-5.917999999999999
000755.XSHE	2021-01-27	-29.2007	1.2951	2.4251	-4.6702
000756.XSHE	2021-01-27	16.7712	1.6271	0.8795	21.2611
000757.XSHE	2021-01-27	48.5852	1.5004	0.6077	-21.3862
000758.XSHE	2021-01-27	-10.8787	2.0459	1.3599	25.6746
000759.XSHE	2021-01-27	101.8244	1.2592	0.2896	12.6718
000760.XSHE	2021-01-27	-9.6508	3.7289	322.9277	183.1435
000761.XSHE	2021-01-27	33.2757	0.5911	0.2386	-20.4168
000762.XSHE	2021-01-27	157.6523	4.9719999999999995	21.1272	-333.8096
000766.XSHE	2021-01-27	-1.2498	1.1922	2.1936	14.6374
000767.XSHE	2021-01-27	55.9094	1.3351	0.8998	-13.6129
000768.XSHE	2021-01-27	133.9593	5.4588	2.4032	-272.0696
000776.XSHE	2021-01-27	12.4502	1.3030000000000002	4.6638	5.9895
000777.XSHE	2021-01-27	55.3	3.6696	4.9537	74.0237
000778.XSHE	2021-01-27	8.9097	0.6641	0.3613	19.8775
000779.XSHE	2021-01-27	12.7194	1.7051	1.4578	12.5674
000780.XSHE	2021-01-27	-30.7138	1.1318	2.175	76.5707
000782.XSHE	2021-01-27	125.7327	1.0904	0.6374	-11.2855
000783.XSHE	2021-01-27	20.593000000000004	1.4755	5.5116	6.9482
000785.XSHE	2021-01-27	27.9115	2.5902	5.5636	40.491
000786.XSHE	2021-01-27	34.4262	5.3492	5.4298	213.1931
000788.XSHE	2021-01-27	73.8131	2.5811	1.5578	-45.995
000789.XSHE	2021-01-27	6.601	1.7665	0.7597	7.3485
000790.XSHE	2021-01-27	69.3034	3.0226	3.6244	559.7369
000791.XSHE	2021-01-27	13.2198	0.8161	2.4891	59.2603
000792.XSHE	2021-01-27	-1.1107	12.6118	2.6117	17.233
000793.XSHE	2021-01-27	-45.3029	0.9013	1.2590000000000001	165.0159
000795.XSHE	2021-01-27	39.6546	2.5764	2.4175	26.8322
000796.XSHE	2021-01-27	-23.3655	2.9956	2.6513	-284.118
000797.XSHE	2021-01-27	50.7885	0.9086	1.0902	4.2234
000798.XSHE	2021-01-27	-60.8911	3.9322	6.9963	-143.5285
000799.XSHE	2021-01-27	125.7153	20.8072	33.5711	67.6628
000800.XSHE	2021-01-27	56.0626	2.0987	1.1786	-6.9919
000801.XSHE	2021-01-27	77.1937	2.222	1.679	57.8138
000802.XSHE	2021-01-27	-1.3451	1.439	21.3797	-11.9764
000803.XSHE	2021-01-27	-21.8624	5.1934	25.9057	133.1675
000806.XSHE	2021-01-27	-1.7758	6.9022	1.6222	344.287
000807.XSHE	2021-01-27	30.296999999999997	2.0423	0.893	-23.0511
000809.XSHE	2021-01-27	-14.3003	0.4844	11.9186	17.4574
000810.XSHE	2021-01-27	19.2788	2.0893	0.9494	95.1555
000811.XSHE	2021-01-27	15.1366	1.2531	1.2779	40.7495
000812.XSHE	2021-01-27	277.1059	1.8322	3.0158	34.5992
000813.XSHE	2021-01-27	38.5054	1.6058	7.5807	13.7898
000815.XSHE	2021-01-27	74.7179	1.7938	3.5335	165.12
000816.XSHE	2021-01-27	-5.6306	2.1564	3.1822	-21.8701
000818.XSHE	2021-01-27	64.5871	5.6403	4.5516	2904.1394
000819.XSHE	2021-01-27	106.2379	2.2383	1.2203	23.9448
000820.XSHE	2021-01-27	-0.3616	-0.342	146.4522	-197.3247
000821.XSHE	2021-01-27	-8.1598	1.9647	1.7371	19.2555
000822.XSHE	2021-01-27	-16.2199	0.9729	0.8094	20.3877
000823.XSHE	2021-01-27	17.8363	1.495	1.1184	323.7192
000825.XSHE	2021-01-27	16.034000000000002	0.6683	0.3295	8.5014
000826.XSHE	2021-01-27	60.1261	0.6542	0.9679	-23.2461
000828.XSHE	2021-01-27	9.7248	1.1639	6.9126	8.657
000829.XSHE	2021-01-27	65.059	2.7976	0.1167	11.9751
000830.XSHE	2021-01-27	19.7336	1.8203	1.5405	-173.4259
000831.XSHE	2021-01-27	111.0418	7.4878	13.3983	-426.2969
000833.XSHE	2021-01-27	-135.0002	1.0659	0.948	-17.5442
000835.XSHE	2021-01-27	-0.983	-0.9592	-96.3095	-309.0215
000836.XSHE	2021-01-27	2683.2017	2.3352	2.8785	-19.7259
000837.XSHE	2021-01-27	-25.3027	2.0641	1.1387	-62.8351
000838.XSHE	2021-01-27	21.2518	1.4693	0.4939	7.2591
000839.XSHE	2021-01-27	-40.7623	1.0099	2.9182	65.3329
000848.XSHE	2021-01-27	17.2875	3.3591	3.7316	22.9225
000850.XSHE	2021-01-27	19.824	0.7787	1.0432	19.3557
000851.XSHE	2021-01-27	-47.7425	1.7401	0.7090000000000001	14.5082
000852.XSHE	2021-01-27	-770.9528	1.7732	0.514	64.1216
000856.XSHE	2021-01-27	68.4468	4.2234	0.4828	8.9648
000858.XSHE	2021-01-27	58.528	14.1436	20.4593	1279.4888
000859.XSHE	2021-01-27	65.9753	1.8502	3.2358	21.6834
000860.XSHE	2021-01-27	86.9488	6.4813	3.0916	224.8259
000861.XSHE	2021-01-27	35.4911	1.4575	2.9389	-11.7292
000862.XSHE	2021-01-27	81.1213	1.0829	2.2395	41.3437
000863.XSHE	2021-01-27	54.2328	1.2582	1.6128	7.2141
000868.XSHE	2021-01-27	16.5164	3.9268	1.2452	80.5673
000869.XSHE	2021-01-27	33.3479	2.5916	7.2024	-97.4126
000875.XSHE	2021-01-27	33.0595	1.1157	0.9604	-298.3645
000876.XSHE	2021-01-27	14.716	2.8666	1.0390000000000001	22.2062
000877.XSHE	2021-01-27	10.0556	1.5666	1.8777	-299.351
000878.XSHE	2021-01-27	45.6255	2.5387	0.2688	-211.4059
000880.XSHE	2021-01-27	22.4289	1.564	0.8109999999999999	14.6988
000881.XSHE	2021-01-27	36.5468	1.7222	1.4445	464.3222
000882.XSHE	2021-01-27	-40.9301	0.6003	5.1084	-5.2492
000883.XSHE	2021-01-27	9.4327	0.8019	1.4231	29.5908
000885.XSHE	2021-01-27	17.6359	1.4691	2.9243	4.7211
000886.XSHE	2021-01-27	50.9037	1.6653	55.9172	-39.0506
000887.XSHE	2021-01-27	42.2828	1.4679	1.133	-24.0213
000888.XSHE	2021-01-27	-79.7052	1.2532	5.0645	-8.9794
000889.XSHE	2021-01-27	-3.5539	1.999	1.7805	24.3276
000890.XSHE	2021-01-27	-2.6246	-70.4285	6.3703	11.4388
000892.XSHE	2021-01-27	-2.9911	0.8420000000000001	5.0236	4.3642
000893.XSHE	2021-01-27	253.1515	1.7315	14.7746	-114.727
000895.XSHE	2021-01-27	25.6639	7.355	2.2274	31.936
000897.XSHE	2021-01-27	9.5051	2.6375	1.5987	-32.9728
000898.XSHE	2021-01-27	20.2991	0.5331	0.2846	14.7495
000899.XSHE	2021-01-27	20.7285	1.0211	1.9806	-46.1604
000900.XSHE	2021-01-27	10.8297	0.6288	0.4852	11.31
000901.XSHE	2021-01-27	1376.6315	1.6051	1.412	-181.8786
000902.XSHE	2021-01-27	32.4291	3.8571	2.7612	21.116
000903.XSHE	2021-01-27	30.2466	1.143	0.7054	-19.1685
000905.XSHE	2021-01-27	40.5237	1.194	0.284	7.9617
000906.XSHE	2021-01-27	7.6552	1.3678	0.039	6.593999999999999
000908.XSHE	2021-01-27	-5.061	2.0262	2.6941	-3.9536
000909.XSHE	2021-01-27	115.4235	1.5533	3.2462	120.4445
000910.XSHE	2021-01-27	10.6393	1.3342	1.0571	20.8547
000911.XSHE	2021-01-27	4.2509	22.9223	0.595	6.4472
000912.XSHE	2021-01-27	22.1189	1.0906	1.1006	26.6526
000913.XSHE	2021-01-27	66.3443	4.5222	3.5366	19.3642
000915.XSHE	2021-01-27	17.6217	2.6357	2.8302	17.4586
000917.XSHE	2021-01-27	-6.952999999999999	0.573	0.9644	11.0993
000918.XSHE	2021-01-27	-20.1184	3.5111	9.1355	155.5569
000919.XSHE	2021-01-27	-228.1213	1.0695	1.2718	7.0906
000920.XSHE	2021-01-27	34.6863	2.6117	2.5021	-23.6914
000921.XSHE	2021-01-27	14.4564	2.2763	0.4617	-6.5378
000922.XSHE	2021-01-27	11.745999999999999	2.1335	2.3547	27.1795
000923.XSHE	2021-01-27	23.8625	2.6875	2.9608	60.4593
000925.XSHE	2021-01-27	64.9738	1.3886	1.1371	19.7851
000926.XSHE	2021-01-27	11.110999999999999	0.3961	0.5602	-3.0043
000927.XSHE	2021-01-27	-55.6324	1.9621	114.5701	-78.1994
000928.XSHE	2021-01-27	9.4129	0.9934	0.3767	9.9768
000929.XSHE	2021-01-27	-66.1461	2.1245	4.1021	-2.6656
000930.XSHE	2021-01-27	26.4151	1.8869	0.9954	-16.2267
000931.XSHE	2021-01-27	313.2936	2.9432	2.7239999999999998	-790.7925
000932.XSHE	2021-01-27	5.2331	0.9538	0.2754	-16.7742
000933.XSHE	2021-01-27	-23.4678	2.34	0.8403	-11.693
000935.XSHE	2021-01-27	11.5095	2.0468	6.1012	19.3966
000936.XSHE	2021-01-27	-26.6613	1.37	2.5674	35.7437
000937.XSHE	2021-01-27	11.7276	0.5978	0.5917	17.4178
000938.XSHE	2021-01-27	33.5898	2.1871	1.1081	18.0469
000948.XSHE	2021-01-27	42.5969	1.5819999999999999	0.8784	17.11
000949.XSHE	2021-01-27	73.7634	1.0586	0.9582	9.4996
000950.XSHE	2021-01-27	11.7705	1.0375	0.2272	22.8704
000951.XSHE	2021-01-27	15.7846	3.4124	0.5067	-36.4442
000952.XSHE	2021-01-27	78.6792	1.7862	3.4905	18.8116
000953.XSHE	2021-01-27	45.4502	9.0005	6.8966	32.2306
000955.XSHE	2021-01-27	17.3131	4.7835	3.1072	11.8049
000957.XSHE	2021-01-27	-367.8408	1.486	0.7929999999999999	32.5753
000958.XSHE	2021-01-27	19.5205	1.3823	1.7985	-5.732
000959.XSHE	2021-01-27	14.6704	0.6635	0.2577	22.2847
000960.XSHE	2021-01-27	28.2044	1.5906	0.45899999999999996	-18.0079
000961.XSHE	2021-01-27	5.2978	1.2046	0.3855	7.7178
000962.XSHE	2021-01-27	70.4874	2.8044	6.0214	-27.4503
000963.XSHE	2021-01-27	15.7113	3.3025	1.4106	49.4601
000965.XSHE	2021-01-27	10.2686	0.6118	1.9028	-11.7336
000966.XSHE	2021-01-27	13.6726	0.9881	0.7115	-14.6154
000967.XSHE	2021-01-27	20.1018	1.6111	1.9391	12.1915
000968.XSHE	2021-01-27	21.2303	1.3124	4.151	68.4128
000969.XSHE	2021-01-27	54.7354	1.4987	1.4235	57.9737
000970.XSHE	2021-01-27	96.0697	2.2536	2.5379	17.2575
000971.XSHE	2021-01-27	-4.0426	2.1753	2.98	-35.5554
000972.XSHE	2021-01-27	-24.3109	3.6460000000000004	25.1778	-133.7768
000973.XSHE	2021-01-27	-495.9698	1.7262	1.8731	-10.6107
000975.XSHE	2021-01-27	18.8606	2.2778	2.8387	98.0002
000976.XSHE	2021-01-27	26.5965	2.0698	4.6514	34.7648
000977.XSHE	2021-01-27	38.0431	3.3784	0.6709999999999999	9.7714
000978.XSHE	2021-01-27	-11.9709	1.053	5.0854	-40.4578
000980.XSHE	2021-01-27	-0.284	0.7074	9.0527	-4.3521
000981.XSHE	2021-01-27	-1.4666	1.4271	1.1756	58.3634
000982.XSHE	2021-01-27	-2.3535	4.2780000000000005	25.6108	14.74
000983.XSHE	2021-01-27	14.0664	0.9544	0.7047	-22.1981
000985.XSHE	2021-01-27	353.19300000000004	2.6333	0.8359	65.5965
000987.XSHE	2021-01-27	8.406	1.5652	4.7139999999999995	-4.8706
000988.XSHE	2021-01-27	44.468	3.5681	3.8455	33.751
000989.XSHE	2021-01-27	29.8325	1.7786	1.9762	11.0897
000990.XSHE	2021-01-27	99.2733	0.8517	1.4821	-85.7093
000993.XSHE	2021-01-27	-25.0722	1.4082	7.5077	9.1276
000995.XSHE	2021-01-27	43.0736	35.8429	32.606	3256.8496
000996.XSHE	2021-01-27	307.7822	5.3449	53.1762	-18.5608
000997.XSHE	2021-01-27	27.7246	2.2969	2.0729	-45.3596
000998.XSHE	2021-01-27	-65.0454	4.2029	8.3573	892.7859
000999.XSHE	2021-01-27	14.9704	1.8648	1.858	50.1627
001696.XSHE	2021-01-27	13.6198	1.8075	1.1057	42.8889
001872.XSHE	2021-01-27	16.593	0.7854	2.3025	21.0014
001896.XSHE	2021-01-27	26.2743	1.321	1.0727	-36.2643
001914.XSHE	2021-01-27	48.2863	2.7978	2.8211	61.5817
001965.XSHE	2021-01-27	18.5257	0.8554	6.0246	-11.529000000000002
001979.XSHE	2021-01-27	7.4031	1.3654	0.7953	24.1497
002001.XSHE	2021-01-27	24.7926	4.5154	9.0741	45.7541
002002.XSHE	2021-01-27	11.2649	1.1483	1.5831	46.9652
002003.XSHE	2021-01-27	13.7693	1.9521	1.9637	37.1347
002004.XSHE	2021-01-27	15.5631	1.0237	0.9309999999999999	7.2824
002005.XSHE	2021-01-27	6.9502	0.8511	0.8688	5.6382
002006.XSHE	2021-01-27	-68.9849	3.0127	3.0333	19.0852
002007.XSHE	2021-01-27	67.8831	12.5201	21.0798	542.0956
002008.XSHE	2021-01-27	47.1617	5.4582	4.3649	111.62899999999999
002009.XSHE	2021-01-27	67.75	1.6951	1.0341	-18.0446
002010.XSHE	2021-01-27	14.2147	1.4142	1.0442	111.6271
002011.XSHE	2021-01-27	-6.343	1.6440000000000001	0.473	15.9487
002012.XSHE	2021-01-27	36.9704	1.8973	1.9364	38.9568
002013.XSHE	2021-01-27	44.9003	3.6843	3.7459	76.848
002014.XSHE	2021-01-27	16.6066	2.6456	1.8578	20.8939
002015.XSHE	2021-01-27	11.0248	1.5034	0.7407	9.8436
002016.XSHE	2021-01-27	5.9717	1.219	1.9	-5.4074
002017.XSHE	2021-01-27	144.2544	3.4609	4.6779	23.2581
002019.XSHE	2021-01-27	19.6037	2.5072	3.8002	51.4645
002020.XSHE	2021-01-27	16.8529	1.8726	2.0713	23.1332
002021.XSHE	2021-01-27	34.9416	1.6309	2.1655	17.2876
002022.XSHE	2021-01-27	22.4319	3.0860000000000003	2.763	7.2199
002023.XSHE	2021-01-27	967.1246	2.8762	10.6801	-675.8885
002024.XSHE	2021-01-27	-43.5588	0.7624	0.2646	-48.3915
002025.XSHE	2021-01-27	60.8134	7.6636	6.2434	111.2981
002026.XSHE	2021-01-27	-69.8178	1.5102	1.9582	12.0301
002027.XSHE	2021-01-27	61.038000000000004	10.9283	14.9349	-150.8301
002028.XSHE	2021-01-27	18.0309	2.8621	2.3255	113.5787
002029.XSHE	2021-01-27	18.1085	0.648	1.1405	30.5028
002030.XSHE	2021-01-27	22.4833	10.3664	8.954	103.5272
002031.XSHE	2021-01-27	-67.2031	1.2792	2.556	-24.7513
002032.XSHE	2021-01-27	37.6383	10.0421	3.6118	-66.366
002033.XSHE	2021-01-27	49.5494	1.3122	7.5994	-14.44
002034.XSHE	2021-01-27	12.4479	1.3247	3.7652	-8.969
002035.XSHE	2021-01-27	13.6958	2.3117	1.5504	-8.5985
002036.XSHE	2021-01-27	42.317	2.9112	1.4308	92.7639
002037.XSHE	2021-01-27	23.0509	0.8844	0.5656	5.1328
002038.XSHE	2021-01-27	32.2907	1.8865	7.1485	-13.9399
002039.XSHE	2021-01-27	9.5124	1.3641	1.6632	-27.3252
002040.XSHE	2021-01-27	24.6326	1.0978	4.1227	245.8746
002041.XSHE	2021-01-27	200.7756	6.2038	19.9839	41.6744
002042.XSHE	2021-01-27	-25.4795	1.0949	0.4698	94.8676
002043.XSHE	2021-01-27	21.7591	4.4081	1.3809	104.8354
002044.XSHE	2021-01-27	-32.4193	8.4074	8.6313	58.2721
002045.XSHE	2021-01-27	24.3551	2.3169999999999997	1.1381	-269.7961
002046.XSHE	2021-01-27	84.9422	1.423	1.7222	-22.3191
002047.XSHE	2021-01-27	58.2038	0.9873	0.6925	79.2144
002048.XSHE	2021-01-27	10.5561	0.9681	0.5783	8.0375
002049.XSHE	2021-01-27	107.2243	16.131	23.8417	355.0419
002050.XSHE	2021-01-27	60.1166	9.1157	7.7798	79.8244
002051.XSHE	2021-01-27	19.0319	0.7638	0.9718	-13.5652
002052.XSHE	2021-01-27	-3.2959	2.2588	2.2275	-2.4968
002053.XSHE	2021-01-27	21.8371	1.1977	2.4843	26.0797
002054.XSHE	2021-01-27	36.1654	2.0156	3.2248	-145.816
002055.XSHE	2021-01-27	-14.5023	2.8094	0.7999	49.9922
002056.XSHE	2021-01-27	31.0482	4.664	3.6308	64.4266
002057.XSHE	2021-01-27	25.7693	2.6159	2.6131	156.1264
002058.XSHE	2021-01-27	-189.9474	10.2334	22.4915	-138.2987
002059.XSHE	2021-01-27	3430.5665	1.9218	2.1439	134.5364
002060.XSHE	2021-01-27	12.277999999999999	1.0686	0.2985	35.1121
002061.XSHE	2021-01-27	9.8331	0.8563	0.20800000000000002	2.2419
002062.XSHE	2021-01-27	11.6996	1.2478	0.3561	44.0007
002063.XSHE	2021-01-27	40.2857	3.6216	5.8018	-73.5087
002064.XSHE	2021-01-27	37.0226	6.0571	4.7074	66.5763
002065.XSHE	2021-01-27	55.7536	2.4887	2.8599	91.6435
002066.XSHE	2021-01-27	67.4675	3.898	0.4439	-49.2692
002067.XSHE	2021-01-27	17.349	0.9234	0.8609	6.9985
002068.XSHE	2021-01-27	-39.3151	1.9493	1.0799	-24.2692
002069.XSHE	2021-01-27	-7.225	139.2923	1.1057	12.9028
002071.XSHE	2021-01-27	-0.258	-0.298	1.0493	-13.2433
002072.XSHE	2021-01-27	22.3599	25.4295	-18.796	260.4893
002073.XSHE	2021-01-27	133.142	0.8809999999999999	1.4344	-4.8015
002074.XSHE	2021-01-27	-121.161	5.0822	13.7782	168.9408
002075.XSHE	2021-01-27	39.9821	4.7177	1.6976	261.3228
002076.XSHE	2021-01-27	-4.2091	-9.3389	4.177	237.2538
002077.XSHE	2021-01-27	-40.2912	1.1431	4.1762	74.8793
002078.XSHE	2021-01-27	20.8854	2.8146	1.97	-553.7426
002079.XSHE	2021-01-27	81.2368	3.2378	4.1767	54.9256
002080.XSHE	2021-01-27	24.004	3.9546	2.7002	146.0942
002081.XSHE	2021-01-27	9.6188	1.3544	0.7375	21.2777
002082.XSHE	2021-01-27	71.7394	2.7347	0.4585	-30.7835
002083.XSHE	2021-01-27	16.8755	0.9702	0.8127	709.3171
002084.XSHE	2021-01-27	28.6047	1.9908	1.1186	20.7173
002085.XSHE	2021-01-27	24.658	2.2552	1.2935	-166.2045
002086.XSHE	2021-01-27	-1.2218	0.7218	3.4868	-0.8313
002087.XSHE	2021-01-27	11.6888	0.6711	0.5346	35.9459
002088.XSHE	2021-01-27	12.5982	1.8167	1.8704	14.8118
002089.XSHE	2021-01-27	3.7969999999999997	1.6977	-16.2975	-20.2217
002090.XSHE	2021-01-27	89.4736	2.0601	1.6109	-133.5675
002091.XSHE	2021-01-27	12.7618	1.1084	0.3205	2.8598
002092.XSHE	2021-01-27	-34.3502	1.0054	0.2206	18.3163
002093.XSHE	2021-01-27	62.0743	1.9631	13.9745	-54.0353
002094.XSHE	2021-01-27	-6.1584	0.7094	0.447	-8.3424
002095.XSHE	2021-01-27	141.1038	3.7171	10.7401	-29.8663
002096.XSHE	2021-01-27	102.03299999999999	1.3558	1.3283	19.7192
002097.XSHE	2021-01-27	14.4938	1.5822	0.9735	18.3138
002098.XSHE	2021-01-27	37.5781	2.7368	1.0991	47.0159
002099.XSHE	2021-01-27	30.0617	2.3677	5.2851	-1180.6129
002100.XSHE	2021-01-27	6.9989	2.1317	1.167	25.6633
002101.XSHE	2021-01-27	-26.8808	0.7377	0.6082	20.8789
002102.XSHE	2021-01-27	11.9634	1.1535	0.2892	-81.3127
002103.XSHE	2021-01-27	370.7321	2.2237	0.9423	34.6945
002104.XSHE	2021-01-27	64.6405	2.2078	2.5799	-98.0885
002105.XSHE	2021-01-27	25.6741	4.4627	1.4341	21.5153
002106.XSHE	2021-01-27	21.3687	1.8359999999999999	1.317	39.55
002107.XSHE	2021-01-27	25.8466	5.7263	4.5955	24.5482
002108.XSHE	2021-01-27	25.2036	1.7216	2.1756	76.4415
002109.XSHE	2021-01-27	27.7927	0.9158	1.9363	6.3419
002110.XSHE	2021-01-27	6.8784	0.8014	0.3638	18.8256
002111.XSHE	2021-01-27	19.3075	1.9012	2.2503	397.5243
002112.XSHE	2021-01-27	45.489	3.4809	1.6829	-46.9724
002113.XSHE	2021-01-27	-1.0422	3.7560000000000002	3.2510000000000003	120.1851
002114.XSHE	2021-01-27	-22.6187	1.3915	1.2538	18.8938
002115.XSHE	2021-01-27	180.1579	1.6178	0.4887	84.5957
002116.XSHE	2021-01-27	43.7653	1.9152	0.5287	4.2198
002117.XSHE	2021-01-27	22.5386	2.6492	3.5583	165.8887
002118.XSHE	2021-01-27	-12.1373	0.8145	9.8903	-1317.6289
002119.XSHE	2021-01-27	41.2847	3.6786	2.3872	-354.8964
002120.XSHE	2021-01-27	31.0742	3.8028	1.6005	16.2431
002121.XSHE	2021-01-27	-3.0605	3.4531	1.7254	28.2679
002122.XSHE	2021-01-27	-2.3618	1.4059	2.8492	-51.4737
002123.XSHE	2021-01-27	105.3378	2.8361	4.2296	-113.9061
002124.XSHE	2021-01-27	6.8959	2.4082	2.0971	8.8887
002125.XSHE	2021-01-27	365.8764	2.4763	3.6097	-190218.7344
002126.XSHE	2021-01-27	26.3523	2.2795	1.4554	40.8286
002127.XSHE	2021-01-27	17.6441	4.4137	5.8024	135.164
002128.XSHE	2021-01-27	7.1308	1.0392	0.9338	-16.1562
002129.XSHE	2021-01-27	91.3286	5.0488	5.2456	31.3991
002130.XSHE	2021-01-27	22.9601	2.2349	1.8274	43.7363
002131.XSHE	2021-01-27	6.8956	1.8846	1.5219	-25.4412
002132.XSHE	2021-01-27	65.5931	1.4133	1.3112	-13.8298
002133.XSHE	2021-01-27	13.2215	0.6258	0.48100000000000004	9.0591
002134.XSHE	2021-01-27	81.0592	4.8795	4.4142	32.1861
002135.XSHE	2021-01-27	18.3667	1.3881	0.6832	78.8764
002136.XSHE	2021-01-27	48.9072	2.8908	2.1043	68.9065
002137.XSHE	2021-01-27	5966.6431	2.3163	3.5971	849.8242
002138.XSHE	2021-01-27	45.9287	5.0405	7.3044	1688.8597
002139.XSHE	2021-01-27	28.2185	4.406000000000001	2.4138	150.31
002140.XSHE	2021-01-27	16.5753	1.4658	0.7095	9.1645
002141.XSHE	2021-01-27	-13.3123	2.1928	2.6597	180.9905
002142.XSHE	2021-01-27	16.631	2.3623	5.9658	-97.6839
002144.XSHE	2021-01-27	23.3889	0.8794	3.3135	4.9943
002145.XSHE	2021-01-27	35.0493	2.8137	4.5454	9.5228
002146.XSHE	2021-01-27	3.1513	0.6349	0.3594	17.8641
002147.XSHE	2021-01-27	-0.2759	0.9363	1.0415	37.0084
002148.XSHE	2021-01-27	-96.7498	2.002	15.4939	-22.0785
002149.XSHE	2021-01-27	113.1779	3.6235	3.2483	-22.433000000000003
002150.XSHE	2021-01-27	13.9556	1.4883	1.4196	9.3479
002151.XSHE	2021-01-27	-46.0562	6.0535	7.1794	81.551
002152.XSHE	2021-01-27	32.9987	2.4298	3.7486	18.9297
002153.XSHE	2021-01-27	269.6173	4.1697	10.4582	-21.465999999999998
002154.XSHE	2021-01-27	14.4433	1.3569	1.2343	10.6208
002155.XSHE	2021-01-27	35.8604	1.8378	0.6914	-63.6041
002156.XSHE	2021-01-27	116.9172	3.765	3.7422	90.3066
002157.XSHE	2021-01-27	6.4356	3.0208	1.1436	8.3418
002158.XSHE	2021-01-27	34.4823	5.0602	5.3025	175.9304
002159.XSHE	2021-01-27	-103.4883	1.2548	4.3862	-12.2487
002160.XSHE	2021-01-27	-55.025	0.9686	0.7123	30.1788
002161.XSHE	2021-01-27	-19.4065	2.0733	6.9269	45.8078
002162.XSHE	2021-01-27	55.6092	3.0721	2.7478	46.5158
002163.XSHE	2021-01-27	167.24200000000002	22.2415	3.492	90.5456
002164.XSHE	2021-01-27	2.9811	6.8805	3.51	425.0694
002165.XSHE	2021-01-27	32.4121	1.9317	1.4158	35.0281
002166.XSHE	2021-01-27	42.4088	2.2775	5.1231	-32.4933
002167.XSHE	2021-01-27	-14.5644	3.1241	5.7935	-167.6378
002168.XSHE	2021-01-27	48.2791	1.6577	2.7912	-34.3063
002169.XSHE	2021-01-27	55.8418	1.9787	2.2641	-22.6411
002170.XSHE	2021-01-27	59.2494	1.7037	1.4939	-620.2574
002171.XSHE	2021-01-27	35.2253	1.9403	0.5063	36.7474
002172.XSHE	2021-01-27	-7.4869	2.0909999999999997	0.9373	74.9797
002173.XSHE	2021-01-27	-2.237	1.0528	3.7607	-4.6439
002174.XSHE	2021-01-27	109.1347	2.1505	2.8289	-51.1524
002175.XSHE	2021-01-27	-1.8282	-1.5671	3.8149	124.7752
002176.XSHE	2021-01-27	-5.9268	7.5568	6.2623	-74.6974
002177.XSHE	2021-01-27	55.3688	2.4241	19.5514	-23.5868
002178.XSHE	2021-01-27	78.6285	2.4263	2.8097	-62.2051
002179.XSHE	2021-01-27	58.6002	8.3854	7.9	83.5221
002180.XSHE	2021-01-27	68.1274	4.6985	1.4529	-618.5707
002181.XSHE	2021-01-27	20.9978	1.0998	8.3992	9.027000000000001
002182.XSHE	2021-01-27	13.2882	2.7294	1.3146	-109.8574
002183.XSHE	2021-01-27	86.715	1.4669	0.1279	-2234.5237
002184.XSHE	2021-01-27	29.6935	3.3321	1.5375	78.726
002185.XSHE	2021-01-27	68.4313	4.7787	4.899	-68.8815
002186.XSHE	2021-01-27	-13.8099	2.2674	3.2578	-8.1114
002187.XSHE	2021-01-27	39.1255	0.9432	1.119	-7.0052
002188.XSHE	2021-01-27	1.3053	-431.8804	133.585	-89.7836
002189.XSHE	2021-01-27	43.7841	3.2006	1.3262	-84.2173
002190.XSHE	2021-01-27	165.1018	3.6274	10.9716	76.90100000000001
002191.XSHE	2021-01-27	17.1129	2.0303	3.5987	167.6051
002192.XSHE	2021-01-27	-48.8796	24.5687	50.983000000000004	-239.4521
002193.XSHE	2021-01-27	-727.8586	0.5683	1.1441	-3.4553
002194.XSHE	2021-01-27	30.2331	4.4282	5.6128	9.7159
002195.XSHE	2021-01-27	27.974	0.9072	7.8662	-11.9661
002196.XSHE	2021-01-27	-51.6691	1.476	2.9851	70.5767
002197.XSHE	2021-01-27	278.4003	1.7415	3.4296	13.0423
002198.XSHE	2021-01-27	-15.8467	3.4221	4.3804	24.0673
002199.XSHE	2021-01-27	1383.7062	3.6344	6.1716	-36.0472
002200.XSHE	2021-01-27	-8.1973	9.4507	2.9026	7.2675
002201.XSHE	2021-01-27	108.587	3.8759	2.7951	60.7492
002202.XSHE	2021-01-27	25.3521	2.2565	1.3484	-332.6706
002203.XSHE	2021-01-27	20.3695	1.7737	0.3659	7.4883
002204.XSHE	2021-01-27	106.2965	1.0255	0.8016	19.4219
002205.XSHE	2021-01-27	-45.4571	1.5195	1.5215	-7.8863
002206.XSHE	2021-01-27	22.9567	1.8934	1.4868	48.4768
002207.XSHE	2021-01-27	27.5896	9.9863	6.6066	66.2087
002208.XSHE	2021-01-27	9.7698	1.3644	1.0993	111.0731
002209.XSHE	2021-01-27	71.9782	1.8865	1.4373	37.2651
002210.XSHE	2021-01-27	-0.4463	-0.5047	21.3736	-200.1522
002211.XSHE	2021-01-27	-45.0078	3.2755	2.2314	23.2358
002212.XSHE	2021-01-27	118.5907	2.8119	3.7991	52.215
002213.XSHE	2021-01-27	353.952	7.6044	8.3896	-153.5321
002214.XSHE	2021-01-27	32.2368	8.9335	12.9543	-200.4056
002215.XSHE	2021-01-27	18.1679	1.8727	1.1304	-25.393
002216.XSHE	2021-01-27	36.7482	9.0023	3.5486	33.3666
002217.XSHE	2021-01-27	21.1833	0.9336	0.5638	-8.3298
002218.XSHE	2021-01-27	43.8488	2.0842	4.8636	-109.978
002219.XSHE	2021-01-27	-1.1740000000000002	19.3212	0.9538	-72.4966
002221.XSHE	2021-01-27	16.4612	1.8528	0.5643	22.4105
002222.XSHE	2021-01-27	40.2458	5.6134	11.0159	262.9402
002223.XSHE	2021-01-27	18.5637	4.0055	4.8536	19.2772
002224.XSHE	2021-01-27	25.094	1.6716	4.5693	8.4038
002225.XSHE	2021-01-27	13.8896	1.4008	0.9988	-98.4382
002226.XSHE	2021-01-27	18.563	1.2911	2.0888	-267.1414
002227.XSHE	2021-01-27	-3116.8641	4.1932	10.7614	316.4838
002228.XSHE	2021-01-27	16.3087	1.4158	0.4334	-14.2174
002229.XSHE	2021-01-27	44.7173	1.8304	5.9554	15.2697
002230.XSHE	2021-01-27	109.7182	8.7639	10.1673	124.001
002231.XSHE	2021-01-27	42.818999999999996	2.6331	5.6323	-722.9646
002232.XSHE	2021-01-27	37.9226	4.0393	3.0694	31.7512
002233.XSHE	2021-01-27	6.8534	1.3884	1.9769	41.3972
002234.XSHE	2021-01-27	9.9952	1.6556	1.9487	39.2033
002235.XSHE	2021-01-27	-13.9209	1.1972	5.1115	-44.9239
002236.XSHE	2021-01-27	18.7517	4.1861	2.9959	41.5697
002237.XSHE	2021-01-27	52.6165	1.9291	0.3905	5.5922
002238.XSHE	2021-01-27	27.6146	2.2019	2.7651	324.4399
002239.XSHE	2021-01-27	413.8018	2.4981	3.9468	-171.7684
002240.XSHE	2021-01-27	-262.6912	6.891	11.038	179.5468
002241.XSHE	2021-01-27	54.54600000000001	7.2127	2.7568	59.1499
002242.XSHE	2021-01-27	28.1418	6.0041	2.3506	345.0777
002243.XSHE	2021-01-27	27.3358	2.3698	6.3657	96.8832
002244.XSHE	2021-01-27	8.3675	0.8147	0.4971	18.1927
002245.XSHE	2021-01-27	66.5167	5.7744	3.3955	94.916
002246.XSHE	2021-01-27	38.6799	1.4832	1.5874	452.111
002247.XSHE	2021-01-27	-0.9952	2.313	2.1245	58.623000000000005
002248.XSHE	2021-01-27	-25.5147	25.5568	6.9927	-24.4365
002249.XSHE	2021-01-27	-822.0079	1.2842	1.5231	11.4463
002250.XSHE	2021-01-27	311.3933	3.6997	5.1449	-42.864
002251.XSHE	2021-01-27	61.1706	0.9055	0.3355	-21.9137
002252.XSHE	2021-01-27	47.5988	2.0231	19.2966	75.6729
002253.XSHE	2021-01-27	47.9359	2.0739	8.0562	-41.2539
002254.XSHE	2021-01-27	51.1257	3.5764	5.1129	118.4291
002255.XSHE	2021-01-27	-2.8413	1.2899	2.2944	-118.9319
002256.XSHE	2021-01-27	-6.5893	1.5161	5.8789	1174.6132
002258.XSHE	2021-01-27	20.3122	3.1432	2.5149	-435.2871
002259.XSHE	2021-01-27	-2.1959	-38.1531	2.897	80.018
002260.XSHE	2021-01-27	37.9161	2.2152	3.8134	5.3489
002261.XSHE	2021-01-27	306.1497	2.9651	5.6395	46.1674
002262.XSHE	2021-01-27	22.0449	3.7910000000000004	4.7319	30.686
002263.XSHE	2021-01-27	56.3153	2.4435	3.7106	16.8727
002264.XSHE	2021-01-27	-7.3806	2.9752	0.5816	-29.2473
002265.XSHE	2021-01-27	-767.2907	2.4359	3.1735	209.7064
002266.XSHE	2021-01-27	42.6967	3.589	12.4041	-31.3101
002267.XSHE	2021-01-27	16.2205	1.0887	0.7348	-39.8339
002268.XSHE	2021-01-27	122.0023	3.4486	7.507000000000001	-2128.2974
002269.XSHE	2021-01-27	-2.3699	2.2984	0.7443	-13.4098
002270.XSHE	2021-01-27	11.9803	1.4380000000000002	2.9589999999999996	185.5741
002271.XSHE	2021-01-27	42.6125	8.7583	5.7065	-2302.0154
002272.XSHE	2021-01-27	28.6117	1.48	1.7055	9.8899
002273.XSHE	2021-01-27	30.2167	2.4451	4.2019	3385.5659
002274.XSHE	2021-01-27	-184.6238	1.6722	0.8011	-164.68900000000002
002275.XSHE	2021-01-27	22.7997	2.7973	5.1877	-21.7026
002276.XSHE	2021-01-27	31.4606	1.5894	0.7643	-360.515
002277.XSHE	2021-01-27	27.9968	0.6479	0.7897	145.6463
002278.XSHE	2021-01-27	70.4549	1.8369	2.75	-313.5157
002279.XSHE	2021-01-27	-37.7141	4.4345	1.0001	248.2187
002280.XSHE	2021-01-27	-1.1155	2.1394	0.2939	11.4662
002281.XSHE	2021-01-27	40.2976	3.9636	3.4035	19.0246
002282.XSHE	2021-01-27	47.9331	1.8317	4.0124	125.7731
002283.XSHE	2021-01-27	14.828	1.3512	1.5519	-96.7315
002284.XSHE	2021-01-27	-68.3677	1.6680000000000001	1.3964	6.278
002285.XSHE	2021-01-27	-167.08900000000003	1.7012	1.3614	-8.8288
002286.XSHE	2021-01-27	66.4306	2.0193	1.5912	18.0361
002287.XSHE	2021-01-27	36.7448	6.3189	10.5007	17.4857
002288.XSHE	2021-01-27	-244.4274	4.9428	6.2473	1271.8678
002289.XSHE	2021-01-27	51.3162	7.0204	15.2421	12.3478
002290.XSHE	2021-01-27	-1.8436	3.3437	0.8509	-15.9508
002291.XSHE	2021-01-27	-202.8761	4.2998	6.4938	-473.3039
002292.XSHE	2021-01-27	-174.6499	2.0202	3.208	158.2332
002293.XSHE	2021-01-27	18.9583	2.568	2.2085	-165.2258
002294.XSHE	2021-01-27	143.6717	6.5956	12.557	-272.4364
002295.XSHE	2021-01-27	44.0766	1.2804	0.3065	-18.389
002296.XSHE	2021-01-27	31.6419	1.5274	4.5124	29.3775
002297.XSHE	2021-01-27	-23.8516	2.4725	10.0276	147.8075
002298.XSHE	2021-01-27	15.4894	1.3509	2.2424	212.0715
002299.XSHE	2021-01-27	11.0047	3.7881	2.4754	-88.7017
002300.XSHE	2021-01-27	18.2319	2.4701	0.4925	-45.25899999999999
002301.XSHE	2021-01-27	30.9008	2.5758	1.1456	-6.8089
002302.XSHE	2021-01-27	15.3305	1.3908	0.4772	-145.295
002303.XSHE	2021-01-27	14.0603	1.1328	1.6608	20.275
002304.XSHE	2021-01-27	41.7995	8.1246	14.8142	93.6724
002305.XSHE	2021-01-27	-4.8038	1.0101	0.6984	4.4510000000000005
002306.XSHE	2021-01-27	-51.4383	395.0203	17.8266	36.1303
002307.XSHE	2021-01-27	92.846	1.74	0.4663	9.4501
002308.XSHE	2021-01-27	-4.0908	1.6786	5.8171	6.2861
002309.XSHE	2021-01-27	-12.1272	0.4265	0.3759	8.7298
002310.XSHE	2021-01-27	10.6792	0.8213	1.1565	46.3645
002311.XSHE	2021-01-27	44.2474	7.9203	1.8286	62.2854
002312.XSHE	2021-01-27	13.5413	2.8941	2.1367	-47.9336
002313.XSHE	2021-01-27	-43.3966	1.2102	0.9221	26.3063
002314.XSHE	2021-01-27	51.1372	1.0954	1.1436	8.5057
002315.XSHE	2021-01-27	29.1572	2.2826	4.1865	35.0935
002316.XSHE	2021-01-27	-5.93	1.9353	0.3732	-46.0166
002317.XSHE	2021-01-27	28.6622	1.7062	3.7361	13.0661
002318.XSHE	2021-01-27	20.6724	3.8895	2.885	63.068999999999996
002319.XSHE	2021-01-27	-5.2285	10.7251	4.591	511.4444
002320.XSHE	2021-01-27	45.861000000000004	3.0373	11.6825	125.8776
002321.XSHE	2021-01-27	-3.0441	0.8871	0.526	-4.9110000000000005
002322.XSHE	2021-01-27	11.0384	1.3117	3.7531	105.2403
002323.XSHE	2021-01-27	-8.1431	24.96	19.0499	-1345.4346
002324.XSHE	2021-01-27	37.6774	5.8604	3.8114	134.9106
002325.XSHE	2021-01-27	-22.0251	0.9255	0.7502	18.0127
002326.XSHE	2021-01-27	46.0626	2.4412	2.5811	67.8723
002327.XSHE	2021-01-27	11.7745	1.8032	2.2449	-24.9928
002328.XSHE	2021-01-27	30.8355	1.3807	1.0057	341.8398
002329.XSHE	2021-01-27	53.8553	1.5042	1.3928	178.5754
002330.XSHE	2021-01-27	108.75200000000001	2.2517	0.9337	63.6593
002331.XSHE	2021-01-27	46.6438	2.8156	4.2625	-138.1257
002332.XSHE	2021-01-27	24.3367	2.7708	3.0035	44.7598
002333.XSHE	2021-01-27	-769.6624	1.9944	4.1115	10.0816
002334.XSHE	2021-01-27	-23.3832	2.2979	1.7378	29.8821
002335.XSHE	2021-01-27	29.414	3.1288	2.3295	-114.9722
002336.XSHE	2021-01-27	-11.5835	1.5026	0.2796	-21.5065
002337.XSHE	2021-01-27	-40.5977	1.4366	3.1519999999999997	5.8939
002338.XSHE	2021-01-27	75.5193	4.4884	9.4629	1380.1609
002339.XSHE	2021-01-27	40.2199	1.632	1.5034	78.2455
002340.XSHE	2021-01-27	86.2084	3.0254	2.9939	32.7732
002341.XSHE	2021-01-27	-44.8049	0.7223	1.3988	-10.2273
002342.XSHE	2021-01-27	219.9852	1.7156	1.9799	256.8108
002343.XSHE	2021-01-27	47.7042	1.6627	4.0966	23.8796
002344.XSHE	2021-01-27	23.1946	0.6173	3.4883	-287.7289
002345.XSHE	2021-01-27	-93.1407	1.0103	1.0697	8.5047
002346.XSHE	2021-01-27	166.5418	2.2035	7.0364	35.1865
002347.XSHE	2021-01-27	97.1713	1.5473	2.3089	30.886
002348.XSHE	2021-01-27	-4.3757	1.8678	3.4234	435.2791
002349.XSHE	2021-01-27	-46.7238	1.7590000000000001	3.2309	15.2252
002350.XSHE	2021-01-27	48.0352	1.5568	1.2743	71.5519
002351.XSHE	2021-01-27	45.21	5.234	5.9544	75.8465
002352.XSHE	2021-01-27	64.2588	8.649	3.1824	201.7022
002353.XSHE	2021-01-27	27.605	4.123	5.3461	-319.7728
002354.XSHE	2021-01-27	-4.1878	7.6508	3.9458	76.8066
002355.XSHE	2021-01-27	-18.8964	1.0837	1.9397	-13.837
002356.XSHE	2021-01-27	-0.327	-0.2771	1.0827	-1.8052
002357.XSHE	2021-01-27	30.3008	1.1669	2.2189	-47.0463
002358.XSHE	2021-01-27	-51.0189	0.7723	2.2257	-8.5376
002359.XSHE	2021-01-27	-0.5604	0.6996	25.5368	43.3046
002360.XSHE	2021-01-27	25.0738	2.4997	3.4106	27.134
002361.XSHE	2021-01-27	39.7686	2.0336	1.9939	882.5494
002362.XSHE	2021-01-27	73.7076	3.9894	4.0252	256.8427
002363.XSHE	2021-01-27	48.9419	1.0689	1.5102	-33.7306
002364.XSHE	2021-01-27	48.0005	2.4258	3.9221	-65.119
002365.XSHE	2021-01-27	19.2225	1.5182	2.0692	11711.5264
002366.XSHE	2021-01-27	-3.3267	1.3089	6.1163	33.1747
002367.XSHE	2021-01-27	19.0366	2.7569999999999997	1.9919	55.3175
002368.XSHE	2021-01-27	43.4994	4.7716	2.0367	56.0708
002369.XSHE	2021-01-27	39543.5722	1.2089	0.6859	-13.0734
002370.XSHE	2021-01-27	-0.9416	6.3828	5.9586	-4.3069
002371.XSHE	2021-01-27	258.4402	17.0824	20.8579	61.1123
002372.XSHE	2021-01-27	34.3405	8.8754	7.3881	281.0132
002373.XSHE	2021-01-27	25.5148	2.5562	3.3339999999999996	20.8924
002374.XSHE	2021-01-27	-64.3053	0.8249	2.8704	5.9789
002375.XSHE	2021-01-27	33.3378	1.5156	1.2182	82.6684
002376.XSHE	2021-01-27	29.6187	1.9741	2.6852	-61.3721
002377.XSHE	2021-01-27	18.6059	0.5709	0.6783	-123.6952
002378.XSHE	2021-01-27	-26.1109	2.8156	2.5775	-28.4066
002379.XSHE	2021-01-27	-26.0926	1.6463	1.0114	-35.1858
002380.XSHE	2021-01-27	22.6573	1.3594	3.6867	-53.018
002381.XSHE	2021-01-27	12.4684	1.9434	2.1592	15.6141
002382.XSHE	2021-01-27	13.6663	2.8616	4.9486	12.9088
002383.XSHE	2021-01-27	-3.6022	1.6864	2.8388	13.9072
002384.XSHE	2021-01-27	50.5982	3.1257	1.5319	28.688000000000002
002385.XSHE	2021-01-27	25.4108	4.0802	2.1938	23.0232
002386.XSHE	2021-01-27	291.8528	0.9015	0.22699999999999998	12.7909
002387.XSHE	2021-01-27	138.4721	0.9041	4.8011	-17.0498
002388.XSHE	2021-01-27	48.0638	2.1557	1.1546	-85.1864
002389.XSHE	2021-01-27	108.9152	3.9238	7.6433	254.7178
002390.XSHE	2021-01-27	86.4184	2.8289	2.3276	25.3549
002391.XSHE	2021-01-27	14.8429	1.0211	1.4257	-267.873
002392.XSHE	2021-01-27	10.1598	1.2009999999999998	1.1093	-64.0577
002393.XSHE	2021-01-27	24.517	0.7317	2.459	393.5289
002394.XSHE	2021-01-27	6.1188	0.8590000000000001	0.8165	636.3816
002395.XSHE	2021-01-27	112.8628	4.0575	2.6510000000000002	12.2663
002396.XSHE	2021-01-27	28.4333	3.2091	1.3333	16.8734
002397.XSHE	2021-01-27	241.4487	1.693	1.3382	-44.5522
002398.XSHE	2021-01-27	13.7422	1.5976	1.4288	-167.6707
002399.XSHE	2021-01-27	23.5614	2.2967	5.1389	34.5566
002400.XSHE	2021-01-27	-664.3983	1.6553	0.7328	34.9752
002401.XSHE	2021-01-27	21.5972	3.5563	2.8066	9.5335
002402.XSHE	2021-01-27	54.8895	6.8899	4.4551	45.0908
002403.XSHE	2021-01-27	15.1014	1.1171	0.8675	66.6797
002404.XSHE	2021-01-27	18.8495	1.9815	1.3009	260.7234
002405.XSHE	2021-01-27	264.7256	4.1016	13.839	340.7216
002406.XSHE	2021-01-27	11.3678	1.2673	1.8625	-6.5488
002407.XSHE	2021-01-27	-34.808	6.1036	4.7282	-411.2242
002408.XSHE	2021-01-27	18.901	2.0373	0.7476	15.2477
002409.XSHE	2021-01-27	68.2618	6.6658	14.2794	-105.0699
002410.XSHE	2021-01-27	325.5452	17.2425	25.5975	114.7491
002411.XSHE	2021-01-27	-98.7719	0.711	0.8628	-35.5623
002412.XSHE	2021-01-27	22.3218	2.036	4.073	463.155
002413.XSHE	2021-01-27	54.1562	2.1241	6.8833	291.4704
002414.XSHE	2021-01-27	92.0191	17.3552	28.5974	200.4802
002415.XSHE	2021-01-27	50.3222	13.5028	10.7861	116.5653
002416.XSHE	2021-01-27	26.1293	2.6048	0.2289	10.6375
002417.XSHE	2021-01-27	68.4708	7.2232	4.7481	-283.7764
002418.XSHE	2021-01-27	-4.7219	3.3711	1.0389	13.4683
002419.XSHE	2021-01-27	25.7833	1.3130000000000002	0.6091	41.8661
002420.XSHE	2021-01-27	9.8217	2.9863	0.5253	29.3725
002421.XSHE	2021-01-27	-25.660999999999998	2.2099	2.457	220.1382
002422.XSHE	2021-01-27	50.1713	2.0129	1.6119999999999999	20.8128
002423.XSHE	2021-01-27	22.2425	1.1701	1.5367	3.8661
002424.XSHE	2021-01-27	71.73	2.7603	3.9112	31.9554
002425.XSHE	2021-01-27	42.3737	1.5801	10.3057	557.7962
002426.XSHE	2021-01-27	-3.1693	1.3906	0.6234	23.3782
002427.XSHE	2021-01-27	-68.1846	3.2206	0.8271	131.444
002428.XSHE	2021-01-27	-181.2821	4.9521	12.2114	-199.7118
002429.XSHE	2021-01-27	20.0094	2.9247	1.7251	-22.9815
002430.XSHE	2021-01-27	34.1581	4.1015	2.7161	-82.3452
002431.XSHE	2021-01-27	-5.9255	0.9635	1.0189	-13.7702
002432.XSHE	2021-01-27	7.7531	1.9483	2.1913	9.4168
002433.XSHE	2021-01-27	45.5839	0.5046	0.7019	-58.6559
002434.XSHE	2021-01-27	18.1848	1.5606	1.7168	262.7593
002435.XSHE	2021-01-27	-17.2722	1.1812	1.3779	17.921
002436.XSHE	2021-01-27	26.2893	4.3141	3.3561	21.7736
002437.XSHE	2021-01-27	-2.6498	2.9462	1.8632	-14.4798
002438.XSHE	2021-01-27	26.7795	2.8246	3.8537	-140.36700000000002
002439.XSHE	2021-01-27	44.1004	5.5291	9.8687	-74.2209
002440.XSHE	2021-01-27	13.7235	1.3046	2.3036	8.2488
002441.XSHE	2021-01-27	14.8253	1.0122	0.3882	11.1575
002442.XSHE	2021-01-27	123.0332	1.5984	0.8957	-103.631
002443.XSHE	2021-01-27	5.6829	1.2065	0.6808	41.3901
002444.XSHE	2021-01-27	30.6162	4.556	4.8464	40.8518
002445.XSHE	2021-01-27	-2.1119	-13.0411	10.443	38.4593
002446.XSHE	2021-01-27	-7.6034	1.7730000000000001	4.7026	-20.1484
002447.XSHE	2021-01-27	-3.0521	8.1868	73.6701	767.5878
002448.XSHE	2021-01-27	34.227	1.1169	1.8617	-22.9307
002449.XSHE	2021-01-27	36.9201	1.7871	1.8563	-56.1725
002450.XSHE	2021-01-27	-1.8441	1.1787	11.2908	1193.6031
002451.XSHE	2021-01-27	-134.5296	3.7611	6.6522	-531.7322
002452.XSHE	2021-01-27	11.9349	1.8967	1.8569	-34.7625
002453.XSHE	2021-01-27	-14.4858	2.9785	1.9216	130.7626
002454.XSHE	2021-01-27	22.1054	0.9309	1.0238	6.599
002455.XSHE	2021-01-27	89.2516	2.195	1.2725	-42.6193
002456.XSHE	2021-01-27	26.4648	2.799	0.5528	66.3308
002457.XSHE	2021-01-27	27.0056	1.2111	1.4062	-38.1773
002458.XSHE	2021-01-27	12.4971	3.3405	4.0065	-70.5814
002459.XSHE	2021-01-27	36.4617	4.658	2.7668	14.994000000000002
002460.XSHE	2021-01-27	510.79699999999997	19.7761	36.5382	85.6571
002461.XSHE	2021-01-27	41.3335	2.5580000000000003	5.3169	6.9721
002462.XSHE	2021-01-27	12.1426	1.1106	0.1742	-142.3856
002463.XSHE	2021-01-27	24.2322	5.4411	4.1339999999999995	-283.5119
002464.XSHE	2021-01-27	-0.9085	33.0018	7.6664	-71.0115
002465.XSHE	2021-01-27	41.9782	2.3488	4.6525	58.3397
002466.XSHE	2021-01-27	-13.7385	16.9575	28.6076	748.8803
002467.XSHE	2021-01-27	16.5236	3.2588	8.1084	36.8396
002468.XSHE	2021-01-27	45.81100000000001	1.5691	0.6367	-53.0598
002469.XSHE	2021-01-27	43.6691	2.0162	7.454	12.75
002470.XSHE	2021-01-27	-2.5291	0.3969	0.47600000000000003	-10.9751
002471.XSHE	2021-01-27	-6.3597	2.1168	0.5494	512.7363
002472.XSHE	2021-01-27	-803.8188	1.7511	1.6822	-66.18
002473.XSHE	2021-01-27	-8.1532	5.0945	41.9062	27.7011
002474.XSHE	2021-01-27	63.7115	2.1079	4.6919	40.8214
002475.XSHE	2021-01-27	58.0618	15.1467	4.4858	281.8515
002476.XSHE	2021-01-27	21.8928	2.764	5.85	-13.9181
002478.XSHE	2021-01-27	10.5166	0.8476	0.9355	26.8583
002479.XSHE	2021-01-27	14.8502	1.1883	0.9698	-23.7649
002480.XSHE	2021-01-27	-25.7349	1.2719	1.2224	-26.8515
002481.XSHE	2021-01-27	50.6055	5.2055	8.0088	73.1367
002482.XSHE	2021-01-27	202.4898	0.5936	0.3474	-17.0766
002483.XSHE	2021-01-27	19.2026	1.1368	1.1316	3968.6907
002484.XSHE	2021-01-27	27.3389	2.2165	3.3378	65.8105
002485.XSHE	2021-01-27	-126.6465	1.0179	1.2839	-62.4958
002486.XSHE	2021-01-27	75.8081	2.7787	2.2958	17.0058
002487.XSHE	2021-01-27	12.3192	1.9869	1.8346	28.9919
002488.XSHE	2021-01-27	-173.4154	1.9755	2.9867	-8.6472
002489.XSHE	2021-01-27	12.5314	2.0284	1.5918	116.0123
002490.XSHE	2021-01-27	-5.9089	1.6096	0.7532	-35.143
002491.XSHE	2021-01-27	-2.3132	1.8118	1.4742	24.9156
002492.XSHE	2021-01-27	24.5799	1.5018	5.9265	-36.0162
002493.XSHE	2021-01-27	40.1461	6.8307	2.4029	35.5374
002494.XSHE	2021-01-27	-14.682	0.7236	3.7056	8.9054
002495.XSHE	2021-01-27	-3950.1924	1.7452	9.1056	-41.4747
002496.XSHE	2021-01-27	-23.3359	1.393	2.6491	-77.1074
002497.XSHE	2021-01-27	148.1718	8.241	7.8482	325.2266
002498.XSHE	2021-01-27	21.9983	2.2878	1.8895	1807.8711
002499.XSHE	2021-01-27	-14.3062	36.7195	37.8766	1210.2277
002500.XSHE	2021-01-27	37.6102	1.6059999999999999	7.8272	5.9801
002501.XSHE	2021-01-27	-1.0331	-1.4867	80.8547	-1587.2891
002502.XSHE	2021-01-27	-6.5581	1.7184	3.7119999999999997	13.0777
002503.XSHE	2021-01-27	-189.0658	1.2518	0.7821	10.7932
002504.XSHE	2021-01-27	-7.4217	3.1017	4.0153	-36.3277
002505.XSHE	2021-01-27	284.8481	2.6018	1.1852	14.0741
002506.XSHE	2021-01-27	-138.3504	3.7171	3.9552	-83.3032
002507.XSHE	2021-01-27	52.9403	11.4225	16.9905	53.838
002508.XSHE	2021-01-27	24.4981	5.3055	5.1353	38.0663
002510.XSHE	2021-01-27	-32.9334	1.594	2.6	14.9128
002511.XSHE	2021-01-27	37.6262	6.591	4.2766	81.89399999999999
002512.XSHE	2021-01-27	-14.8557	2.5051	1.4704	-31.7554
002513.XSHE	2021-01-27	-2.4425	1.1388	0.9315	-54.599
002514.XSHE	2021-01-27	-32.1073	1.9602	3.3337	227.3095
002515.XSHE	2021-01-27	64.4972	3.7281	8.4567	99.0407
002516.XSHE	2021-01-27	24.3763	1.3193	3.0246	15.0543
002517.XSHE	2021-01-27	-5.0909	3.1818	5.5434	-107.8206
002518.XSHE	2021-01-27	25.8287	3.0613	3.2967	-48.1942
002519.XSHE	2021-01-27	25.1246	1.5236	2.8588	50.4702
002520.XSHE	2021-01-27	30.0649	1.6019999999999999	2.4322	-185.5132
002521.XSHE	2021-01-27	20.5419	0.8475	1.0388	59.698
002522.XSHE	2021-01-27	43.5222	2.759	3.7277	38.5366
002523.XSHE	2021-01-27	50.2156	1.5046	2.2316	-107.0697
002524.XSHE	2021-01-27	-335.6973	18.1678	6.447	-92.0877
002526.XSHE	2021-01-27	18.6552	1.4103	1.7441	245.3
002527.XSHE	2021-01-27	45.6096	1.3267	0.8942	5.1827
002528.XSHE	2021-01-27	-574.7230000000001	1.1420000000000001	0.8898	41.2649
002529.XSHE	2021-01-27	-4.1745	2.4571	13.7979	554.4087
002530.XSHE	2021-01-27	-8.2454	1.9497	5.518	-61.2283
002531.XSHE	2021-01-27	15.2247	2.3864	1.9886	-16.7962
002532.XSHE	2021-01-27	49.3371	1.7475	-10.8241	50.6252
002533.XSHE	2021-01-27	16.6312	1.2058	0.5602	-34.3075
002534.XSHE	2021-01-27	12.6987	2.0198	1.3219999999999998	14.3287
002535.XSHE	2021-01-27	-0.5892	1.4676	1.6625	-142.2418
002536.XSHE	2021-01-27	33.0643	1.2888	1.0738	113.4725
002537.XSHE	2021-01-27	-3.0493	1.715	1.238	10.9158
002538.XSHE	2021-01-27	16.2732	1.015	0.9789	8.7575
002539.XSHE	2021-01-27	19.2378	2.8097	1.065	49.4477
002540.XSHE	2021-01-27	15.6278	1.2409999999999999	1.5846	31.4719
002541.XSHE	2021-01-27	34.5095	4.659	1.9768	73.1263
002542.XSHE	2021-01-27	19.6459	1.2304	1.0262	8.2704
002543.XSHE	2021-01-27	9.8433	1.4655	0.9646	11.882
002544.XSHE	2021-01-27	171.5077	2.7386	1.4671	16.1252
002545.XSHE	2021-01-27	36.1716	1.3142	3.6175	30.1161
002546.XSHE	2021-01-27	16.9953	0.9994	4.6421	8.7264
002547.XSHE	2021-01-27	-11.8743	1.8136	0.6899	114.0715
002548.XSHE	2021-01-27	13.6655	2.1246	1.9998	13.334000000000001
002549.XSHE	2021-01-27	67.1165	4.0884	7.8495	5687.3755
002550.XSHE	2021-01-27	26.5271	2.1147	2.9389	41.1982
002551.XSHE	2021-01-27	35.7767	1.5731	2.4294	14.2618
002552.XSHE	2021-01-27	503.3322	5.6454	10.6139	-57.5257
002553.XSHE	2021-01-27	71.1661	5.8313	9.7107	143.0924
002554.XSHE	2021-01-27	-19.5787	1.3711	1.9757	54.8797
002555.XSHE	2021-01-27	26.1937	9.0972	4.9372	152.1363
002556.XSHE	2021-01-27	31.1885	2.6547	0.4352	6.8625
002557.XSHE	2021-01-27	45.1743	8.6366	6.2834	55.0389
002558.XSHE	2021-01-27	38.7241	4.4544	15.4881	-25.3891
002559.XSHE	2021-01-27	25.0765	1.5951	1.7392	19.4287
002560.XSHE	2021-01-27	22.9513	1.5392	1.7319	5.6281
002561.XSHE	2021-01-27	22.449	1.2892	3.0305	-648.6793
002562.XSHE	2021-01-27	42.3518	1.8028	3.0092	-127.6509
002563.XSHE	2021-01-27	51.1228	2.1398	1.5082	9.7997
002564.XSHE	2021-01-27	-3.9989999999999997	0.8914	0.3022	-14.5042
002565.XSHE	2021-01-27	-16.9104	2.3025	2.8687	-55.4615
002566.XSHE	2021-01-27	25.5204	0.9778	2.1865	10.8732
002567.XSHE	2021-01-27	10.4562	1.6155	0.4707	15.1749
002568.XSHE	2021-01-27	139.9271	20.7768	35.8228	329.9942
002569.XSHE	2021-01-27	158.9867	4.0299	4.604	-30.8281
002570.XSHE	2021-01-27	95.4723	2.82	1.723	-179.0908
002571.XSHE	2021-01-27	-145.6942	3.0164	5.3887	170.4249
002572.XSHE	2021-01-27	26.4118	4.9697	3.7295	42.4235
002573.XSHE	2021-01-27	22.1609	1.0755	1.8159999999999998	-113.6628
002574.XSHE	2021-01-27	-618.13	0.6872	0.8925	-820.1131
002575.XSHE	2021-01-27	-14.2097	3.3313	74.3203	100.2294
002576.XSHE	2021-01-27	24.9029	1.7748	1.1534	-26.6519
002577.XSHE	2021-01-27	-25.3951	3.0699	6.5938	-72.1183
002578.XSHE	2021-01-27	41.6537	2.0731	1.8969	-27.4696
002579.XSHE	2021-01-27	38.8875	2.2956	2.6333	4.7566
002580.XSHE	2021-01-27	89.5432	1.4932	1.4880000000000002	-227.1301
002581.XSHE	2021-01-27	-90.711	3.7803	25.7198	-10.9838
002582.XSHE	2021-01-27	2.9208	1.2004	1.4427	10.9304
002583.XSHE	2021-01-27	61.4175	1.7614	1.5264	31.2485
002584.XSHE	2021-01-27	60.5793	1.746	0.647	-58.3902
002585.XSHE	2021-01-27	23.1887	1.4118	2.4174	-28.54
002586.XSHE	2021-01-27	-1.4464	0.6545	0.9679	-16.4216
002587.XSHE	2021-01-27	57.7296	2.1576	3.4206	-53.0533
002588.XSHE	2021-01-27	34.0768	1.4521	1.1103	3.9851
002589.XSHE	2021-01-27	-6.2061	0.9917	0.2625	-3.1644
002590.XSHE	2021-01-27	25.9197	1.6427	1.2652	-85.4856
002591.XSHE	2021-01-27	42.6916	1.1574	4.7172	43.5923
002592.XSHE	2021-01-27	-2.1347	0.5924	1.4418	3.01
002593.XSHE	2021-01-27	29.0421	1.3077	0.8968	27.4737
002594.XSHE	2021-01-27	203.0077	12.3071	5.0463	251.9734
002595.XSHE	2021-01-27	27.8872	5.1662	5.5445	1137.4969
002596.XSHE	2021-01-27	-13.452	1.8806	2.3726	-66.7468
002597.XSHE	2021-01-27	35.2991	5.599	6.9929	-36.4648
002598.XSHE	2021-01-27	21.5525	2.0762	1.6565	34.3725
002599.XSHE	2021-01-27	22.7878	1.1121	0.9813	104.5711
002600.XSHE	2021-01-27	60.571999999999996	5.4899	2.7573	106.0771
002601.XSHE	2021-01-27	34.5258	6.1770000000000005	6.5587	494.5715
002602.XSHE	2021-01-27	17.7142	1.6271	3.1059	41.0503
002603.XSHE	2021-01-27	29.3779	3.5299	3.8836	43.8645
002605.XSHE	2021-01-27	11.314	6.1296	5.2529	-5002.0947
002606.XSHE	2021-01-27	27.1027	2.8278	2.9576	-106.5758
002607.XSHE	2021-01-27	112.1279	73.635	23.2339	60.878
002608.XSHE	2021-01-27	11.2765	0.8611	1.1611	58.56
002609.XSHE	2021-01-27	42.297	2.6985	4.6394	1967.2113
002610.XSHE	2021-01-27	-6.6599	2.6657	2.9208	-23.2273
002611.XSHE	2021-01-27	3.6485	1.4214	1.4588	8.5952
002612.XSHE	2021-01-27	-191.7479	3.2208	3.2239999999999998	3577.1328
002613.XSHE	2021-01-27	102.0937	2.1951	3.2319999999999998	36.7807
002614.XSHE	2021-01-27	22.4548	2.1836	1.4818	14.9452
002615.XSHE	2021-01-27	-33.5512	2.0891	1.1382	13.4737
002616.XSHE	2021-01-27	14.87	2.1558	1.9265	19.4828
002617.XSHE	2021-01-27	916.8615	3.8123	4.7036	104.6761
002618.XSHE	2021-01-27	-250.685	1.6296	8.9717	-115.7603
002619.XSHE	2021-01-27	-1.1687	0.9484	13.7871	-3.7961
002620.XSHE	2021-01-27	14.1805	0.7956	0.5298	-34.6472
002621.XSHE	2021-01-27	30.5376	3.1096	10.1924	387.4642
002622.XSHE	2021-01-27	-335.5362	1.5436	16.6748	27.8565
002623.XSHE	2021-01-27	-238.37099999999998	2.9543	4.2123	-58.038999999999994
002624.XSHE	2021-01-27	29.6203	4.8624	5.2794	-32.6942
002625.XSHE	2021-01-27	355.8129	6.372000000000001	94.5577	-35.7336
002626.XSHE	2021-01-27	26.52	5.7864	5.4886	67.1907
002627.XSHE	2021-01-27	242.0373	1.3473	1.5588	-11.9583
002628.XSHE	2021-01-27	38.1093	0.9407	1.1934	-5.4063
002629.XSHE	2021-01-27	40.7593	28.5112	9.9976	13.3529
002630.XSHE	2021-01-27	137.5508	0.8173	0.8023	30.6916
002631.XSHE	2021-01-27	186.5177	2.5164	2.8639	-178.0993
002632.XSHE	2021-01-27	21.0517	1.9256	2.9008	36.7423
002633.XSHE	2021-01-27	-35.4256	1.8534	5.5352	-28.9342
002634.XSHE	2021-01-27	49.1197	3.8203	4.9178	-64.3414
002635.XSHE	2021-01-27	-20.8098	1.9135	3.7655	-177.6318
002636.XSHE	2021-01-27	47.9176	2.0552	1.6784	-4.7871
002637.XSHE	2021-01-27	11.0829	1.845	0.7543	46.857
002638.XSHE	2021-01-27	-6.5201	0.7256	2.276	3.3547
002639.XSHE	2021-01-27	-95.6252	1.7563	2.7828	-18.2375
002640.XSHE	2021-01-27	-2.2196	1.3729	0.3996	-8.5992
002641.XSHE	2021-01-27	9.5677	1.5773	1.057	8.1342
002642.XSHE	2021-01-27	92.0036	1.0219	0.9351	20.5167
002643.XSHE	2021-01-27	43.7073	4.312	7.4259	-743.1273
002644.XSHE	2021-01-27	34.3965	2.3836	5.7023	-111.999
002645.XSHE	2021-01-27	30.2869	2.0428	2.1694	136.7401
002646.XSHE	2021-01-27	-125.571	3.049	7.1868	-78.5077
002647.XSHE	2021-01-27	-113.3807	4.8468	1.7594	-59.5622
002648.XSHE	2021-01-27	32.9986	3.2011	4.0104	10.048
002649.XSHE	2021-01-27	17.958	1.6969999999999998	1.1687	16.0403
002650.XSHE	2021-01-27	32.1137	2.5963	2.9506	20.2553
002651.XSHE	2021-01-27	54.7461	4.9316	14.7069	52.6145
002652.XSHE	2021-01-27	-4.7044	3.9498	0.7262	16.5258
002653.XSHE	2021-01-27	38.4013	7.3437	5.9277	-619.5627
002654.XSHE	2021-01-27	-578.7891	1.4227	0.7151	149.6939
002655.XSHE	2021-01-27	58.1831	4.4907	1.9785	4873.6694
002656.XSHE	2021-01-27	-0.64	1.2359	1.1712	6.2807
002657.XSHE	2021-01-27	-8.9222	1.6809	2.4657	-103.0194
002658.XSHE	2021-01-27	30.377	1.5695	3.2593	-41.5743
002659.XSHE	2021-01-27	120.3338	0.9228	2.9815	3.4648
002660.XSHE	2021-01-27	27.4298	2.6909	1.5036	22.7574
002661.XSHE	2021-01-27	16.8003	2.4113	1.6465	3371.0986
002662.XSHE	2021-01-27	-3.2239999999999998	1.6573	1.5285	15.0845
002663.XSHE	2021-01-27	-2.6318	0.753	1.1756	-6.1482
002664.XSHE	2021-01-27	19.6633	1.9206	1.6459	30.8127
002665.XSHE	2021-01-27	-88.8745	0.6851	6.8852	-4.9952
002666.XSHE	2021-01-27	15.5835	1.1476	0.8886	11.8826
002667.XSHE	2021-01-27	1953.4116	1.8556	9.6643	-111.9147
002668.XSHE	2021-01-27	-98.1196	1.9561	0.7266	-6.7053
002669.XSHE	2021-01-27	16.3702	1.6703	2.2556	40.12
002670.XSHE	2021-01-27	-246.3268	1.6641	8.7622	6.12
002671.XSHE	2021-01-27	-45.3428	0.9690000000000001	2.8504	6.983
002672.XSHE	2021-01-27	21.3191	1.5419999999999998	2.1516	-10.9953
002673.XSHE	2021-01-27	43.6417	1.7126	10.1636	41.8025
002674.XSHE	2021-01-27	52.9315	1.7736	2.7307	30.4599
002675.XSHE	2021-01-27	73.4615	3.5660000000000003	4.6314	-866.7048
002676.XSHE	2021-01-27	81.6694	1.9466	1.2255	188.0811
002677.XSHE	2021-01-27	26.5131	8.714	7.5694	1247.5198
002678.XSHE	2021-01-27	71.2117	2.7431	5.7071	12.8968
002679.XSHE	2021-01-27	16351.6378	3.0572	18.0724	18.0308
002681.XSHE	2021-01-27	-4.4017	4.098	2.6384	37.6815
002682.XSHE	2021-01-27	-898.0014	0.6447	0.3181	73.0189
002683.XSHE	2021-01-27	70.383	4.9021	4.0179	54.0109
002684.XSHE	2021-01-27	8.5334	-2.2925	1.1308	-114.0786
002685.XSHE	2021-01-27	13.9805	0.7903	0.3131	-51.9717
002686.XSHE	2021-01-27	-7.1964	2.0656	2.1881	-164.5082
002687.XSHE	2021-01-27	14.5654	1.6291	1.8267	13.5703
002688.XSHE	2021-01-27	22.4713	1.9969	1.8539	-276.3961
002689.XSHE	2021-01-27	-42.81399999999999	2.3868	3.7069	53.0415
002690.XSHE	2021-01-27	67.2167	14.5499	21.0928	-1182.9598
002691.XSHE	2021-01-27	-156.8337	1.8657	5.5498	-140.5861
002692.XSHE	2021-01-27	21.8389	1.8177	0.8289	-72.0116
002693.XSHE	2021-01-27	74.0651	2.9330000000000003	5.7241	-142.4809
002694.XSHE	2021-01-27	-49.306000000000004	1.3702	0.8985	86.0387
002695.XSHE	2021-01-27	47.9549	4.8935	4.8906	99.8363
002696.XSHE	2021-01-27	-6.2365	1.4533	0.7693	-5.906000000000001
002697.XSHE	2021-01-27	16.1436	2.4785	0.9473	19.2767
002698.XSHE	2021-01-27	34.9808	5.4329	7.7809	-96.9731
002699.XSHE	2021-01-27	2288.5029	1.4635	4.0174	-21.8588
002700.XSHE	2021-01-27	24.4583	1.3527	3.5168	-3.8289999999999997
002701.XSHE	2021-01-27	22.3015	1.838	0.9896	14.8051
002702.XSHE	2021-01-27	66.6703	4.8516	2.5587	-915.5652
002703.XSHE	2021-01-27	-44.8184	3.4519	4.2152	187.6434
002705.XSHE	2021-01-27	39.0112	7.2194	3.6863	442.0975
002706.XSHE	2021-01-27	69.2069	11.2693	8.7479	705.7721
002707.XSHE	2021-01-27	-13.0375	2.2023	1.0464	-50.4936
002708.XSHE	2021-01-27	67.3594	2.1243	2.2201	200.4582
002709.XSHE	2021-01-27	126.45100000000001	17.0702	16.1297	340.7439
002711.XSHE	2021-01-27	7.0834	-0.3248	1.6543	-372.73900000000003
002712.XSHE	2021-01-27	-26.9019	0.8137	0.7262	-12.1234
002713.XSHE	2021-01-27	-9.4283	6.1451	1.0996	40.4001
002714.XSHE	2021-01-27	13.5679	8.3339	7.3218	18.5184
002715.XSHE	2021-01-27	563.9248	4.9277	6.7739	-429.9544
002716.XSHE	2021-01-27	-1.1166	-1.9691	3.2272	-430.3425
002717.XSHE	2021-01-27	44.7053	0.9009	0.6149	8.881
002718.XSHE	2021-01-27	17.0488	1.4199	2.6317	22.0845
002719.XSHE	2021-01-27	-17.7436	1.5728	1.6024	-95.2335
002721.XSHE	2021-01-27	-5.5073	0.5457	0.4472	-7.394
002722.XSHE	2021-01-27	-173.49200000000002	0.9588	0.7688	11.3864
002723.XSHE	2021-01-27	145.6463	4.9793	2.8905	131.7909
002724.XSHE	2021-01-27	17.4497	2.1088	3.2021	27.9998
002725.XSHE	2021-01-27	367.9837	1.869	2.7444	-253.4034
002726.XSHE	2021-01-27	17.9937	4.0866	0.5245	6.7311
002727.XSHE	2021-01-27	31.5761	4.2008	1.8961	44.1963
002728.XSHE	2021-01-27	32.2845	2.1159	3.2031	-27.8682
002729.XSHE	2021-01-27	166.1118	6.7655	18.6858	639.8417
002730.XSHE	2021-01-27	138.2818	4.0374	4.6782	69.6964
002731.XSHE	2021-01-27	31.213	1.2403	0.7355	-14.0949
002732.XSHE	2021-01-27	31.5486	3.3255	2.1959999999999997	-637.0738
002733.XSHE	2021-01-27	108.6889	2.6912	3.1041	39.1219
002734.XSHE	2021-01-27	11.2849	1.9793	1.0465	32.3129
002735.XSHE	2021-01-27	88.3692	6.9419	3.9033	72.859
002736.XSHE	2021-01-27	18.1996	1.745	6.64	8.1698
002737.XSHE	2021-01-27	15.0681	2.6082	2.2377	133.365
002738.XSHE	2021-01-27	92.7906	3.9282	9.3329	115.1413
002739.XSHE	2021-01-27	-5.9411	3.0621	6.3777	-44.1403
002740.XSHE	2021-01-27	-5.376	0.6976	1.4646	-109.921
002741.XSHE	2021-01-27	7021.444	4.1009	2.6529	93.71700000000001
002742.XSHE	2021-01-27	24.842	1.483	0.8097	-20.889
002743.XSHE	2021-01-27	23.0587	0.9518	0.7129	29.9055
002745.XSHE	2021-01-27	50.986000000000004	1.9489	1.5292	12.2958
002746.XSHE	2021-01-27	8.9147	1.3607	1.7766	36.5256
002747.XSHE	2021-01-27	324.9547	18.3444	13.7536	-51.6075
002748.XSHE	2021-01-27	-43.372	1.1863	0.8756	65.3275
002749.XSHE	2021-01-27	20.3223	3.5959	4.0686	11.0691
002750.XSHE	2021-01-27	-151.27100000000002	5.4016	13.4602	-17.576
002751.XSHE	2021-01-27	84.6319	1.943	3.0514	43.464
002752.XSHE	2021-01-27	-251.2633	2.9428	1.9365	76.485
002753.XSHE	2021-01-27	34.111999999999995	1.7753	1.3311	27.3769
002755.XSHE	2021-01-27	18.1759	4.3946	3.3142	5099.5439
002756.XSHE	2021-01-27	92.2259	6.166	4.4968	45.2396
002757.XSHE	2021-01-27	16.339000000000002	2.089	2.094	-29.1372
002758.XSHE	2021-01-27	236.8407	1.5353	3.3373	-30.5721
002759.XSHE	2021-01-27	-22.3137	3.3058	13.2568	-745.0839
002760.XSHE	2021-01-27	23.7584	2.4983	2.4405	-34.6605
002761.XSHE	2021-01-27	8.4691	1.9493	0.0999	5.1698
002762.XSHE	2021-01-27	74.4312	1.6957	4.8633	-44.549
002763.XSHE	2021-01-27	20.5891	1.4377	1.1883	15.8508
002765.XSHE	2021-01-27	-57.3465	1.57	1.3332	-429.0843
002766.XSHE	2021-01-27	126.2332	4.2412	1.7066	26.5932
002767.XSHE	2021-01-27	57.7672	2.0183	4.2497	26.7819
002768.XSHE	2021-01-27	10.6906	2.8529	1.1809	18.8026
002769.XSHE	2021-01-27	48.6833	1.4704	0.3457	5.9103
002770.XSHE	2021-01-27	-8.475	1.1101	6.175	-43.3346
002771.XSHE	2021-01-27	81.5335	3.3149	3.6889999999999996	218.7166
002772.XSHE	2021-01-27	21.7741	1.3274	2.2912	17.4564
002773.XSHE	2021-01-27	50.2334	7.3894	11.71	-97.1199
002774.XSHE	2021-01-27	80.3991	1.8195	2.1558	-26.212
002775.XSHE	2021-01-27	11.8911	0.9091	0.8192	3.2625
002776.XSHE	2021-01-27	14.1552	1.0091	3.0068	8.1878
002777.XSHE	2021-01-27	34.4025	4.9284	5.5981	-100.6165
002778.XSHE	2021-01-27	44.5938	4.2464	2.2649	16.4392
002779.XSHE	2021-01-27	-159.5942	2.267	3.8254	-233.6572
002780.XSHE	2021-01-27	-67.2484	4.5805	6.5132	-16.0978
002781.XSHE	2021-01-27	-30.6327	0.9863	0.675	-118.3311
002782.XSHE	2021-01-27	46.291000000000004	4.3076	5.1945	20.4274
002783.XSHE	2021-01-27	178.2113	2.0875	2.0515	9.5464
002785.XSHE	2021-01-27	-111.8412	6.3444	4.294	-383.5666
002786.XSHE	2021-01-27	-17.0638	2.7587	0.7074	1635.2549
002787.XSHE	2021-01-27	23.0453	1.2599	1.1104	-16.3663
002788.XSHE	2021-01-27	10.5195	1.2522	0.1873	31.9272
002789.XSHE	2021-01-27	-126.9118	1.6914	0.8491	244.4251
002790.XSHE	2021-01-27	16.7895	1.3131	1.9779	27.7782
002791.XSHE	2021-01-27	81.2787	14.92	8.8065	340.5953
002792.XSHE	2021-01-27	-1478.4059	2.8132	3.7816	-12.1615
002793.XSHE	2021-01-27	26.6688	3.7085	2.4375	604.6708
002795.XSHE	2021-01-27	58.6642	3.5643	3.8272	29.4638
002796.XSHE	2021-01-27	75.277	2.0299	1.7846	-130.642
002797.XSHE	2021-01-27	46.8511	2.4893	11.8193	23.1721
002798.XSHE	2021-01-27	14.0843	1.8825	1.4126	26.4753
002799.XSHE	2021-01-27	40.4378	5.4256	2.1037	55.8598
002800.XSHE	2021-01-27	95.9177	2.6166	1.0052	79.1599
002801.XSHE	2021-01-27	31.123	5.035	7.3775	-1404.5946
002802.XSHE	2021-01-27	23.7672	4.0422	4.4024	118.9898
002803.XSHE	2021-01-27	23.5612	7.196000000000001	3.0593	33.8424
002805.XSHE	2021-01-27	-1046.4106	4.1781	6.3264	280.8709
002806.XSHE	2021-01-27	-228.8366	1.4281	3.0479	202.0597
002807.XSHE	2021-01-27	8.4661	0.7377	2.6929	-21.4644
002808.XSHE	2021-01-27	86.9733	3.3171	5.1003	-195.8351
002809.XSHE	2021-01-27	14.5169	1.5786	1.5865	39.5722
002810.XSHE	2021-01-27	43.1714	8.7618	8.0529	-736.6648
002811.XSHE	2021-01-27	29.7921	1.4712	0.9989	12.2972
002812.XSHE	2021-01-27	141.0396	12.3316	33.4331	23.4169
002813.XSHE	2021-01-27	-10.4714	12.6037	4.7853	61.3781
002815.XSHE	2021-01-27	22.3044	2.8482	2.6855	-47.1244
002816.XSHE	2021-01-27	-39.7791	4.995	16.6036	62.3549
002817.XSHE	2021-01-27	42.7517	2.3574	5.819	33.8387
002818.XSHE	2021-01-27	14.7879	1.9423	7.3019	-11.2512
002819.XSHE	2021-01-27	94.5649	9.5757	4.7293	738.7179
002820.XSHE	2021-01-27	52.1954	1.9554	5.564	28.7789
002821.XSHE	2021-01-27	110.0729	13.2095	27.2622	33.5115
002822.XSHE	2021-01-27	16.7035	1.2688	0.8293	16.6645
002823.XSHE	2021-01-27	24.0369	1.993	1.4869	-52.9808
002824.XSHE	2021-01-27	84.8106	3.0346	1.8416	-574.3624
002825.XSHE	2021-01-27	24.421	2.7098	1.7378	14.5232
002826.XSHE	2021-01-27	42.8899	2.5048	2.7315	93.8265
002827.XSHE	2021-01-27	104.685	3.7772	4.855	-20.9697
002828.XSHE	2021-01-27	56.2169	1.5712	1.6651	-5.7676
002829.XSHE	2021-01-27	73.9193	6.5893	11.860999999999999	99.3348
002830.XSHE	2021-01-27	60.7657	1.9048	1.3178	-13.9943
002831.XSHE	2021-01-27	29.4719	4.8027	2.9613	99.9917
002832.XSHE	2021-01-27	18.3079	3.7773	4.3263	17.4101
002833.XSHE	2021-01-27	30.3292	5.5372	6.0133	-70.3862
002835.XSHE	2021-01-27	39.1351	3.6255	3.7843	39.9053
002836.XSHE	2021-01-27	100.9036	3.7059	4.7589	-19.1786
002837.XSHE	2021-01-27	33.694	4.5255	3.9225	62.8482
002838.XSHE	2021-01-27	12.7936	6.0916	2.5887	32.9158
002839.XSHE	2021-01-27	10.2409	0.9123	2.4536	-40.9571
002840.XSHE	2021-01-27	30.6362	2.4317	0.4813	6.5932
002841.XSHE	2021-01-27	46.1083	12.1859	5.122000000000001	45.559
002842.XSHE	2021-01-27	27.3463	2.6991	1.7048	-7.2354
002843.XSHE	2021-01-27	42.053999999999995	3.427	5.1049	-225.6812
002845.XSHE	2021-01-27	32.1893	2.9516	0.7023	34.869
002846.XSHE	2021-01-27	31.5304	3.3924	2.015	56.525
002847.XSHE	2021-01-27	61.6908	14.7869	7.5532	227.2045
002848.XSHE	2021-01-27	-14.6502	2.7543	3.3052	50.8649
002849.XSHE	2021-01-27	21.2889	2.0298	1.2735	14.698
002850.XSHE	2021-01-27	86.58200000000001	4.1906	9.353	2045.7847
002851.XSHE	2021-01-27	53.0275	6.8907	5.7444	97.0092
002852.XSHE	2021-01-27	43.0847	2.0041	0.7709999999999999	-29.6936
002853.XSHE	2021-01-27	27.5005	2.5978	3.259	63.8056
002855.XSHE	2021-01-27	31.8496	1.7224	0.8861	-34.8149
002856.XSHE	2021-01-27	-58.3841	1.9614	1.4921	18.983
002857.XSHE	2021-01-27	51.3403	3.096	6.3844	21.2545
002858.XSHE	2021-01-27	1889.6126	3.4297	5.1304	11.4179
002859.XSHE	2021-01-27	51.6455	6.8974	9.3564	397.8453
002860.XSHE	2021-01-27	28.3181	3.237	3.4976	-745.4645
002861.XSHE	2021-01-27	39.0778	2.1101	1.9031	12.5689
002862.XSHE	2021-01-27	-33.5323	1.9096	3.7432	-18.602
002863.XSHE	2021-01-27	38.3504	1.4401	0.8425	-23.8505
002864.XSHE	2021-01-27	25.1392	2.8327	3.2017	19.2324
002865.XSHE	2021-01-27	44.9772	2.7553	2.6818	20.3135
002866.XSHE	2021-01-27	36.6189	2.5093	2.6187	8.685
002867.XSHE	2021-01-27	27.3392	4.5519	4.9019	23.281
002868.XSHE	2021-01-27	27.0986	2.2992	5.4257	20.8316
002869.XSHE	2021-01-27	5.6765	2.5153	2.0364	-21.2784
002870.XSHE	2021-01-27	-53.5831	3.3082	2.8471	-15.5093
002871.XSHE	2021-01-27	28.1025	2.4479	4.6298	29.8902
002872.XSHE	2021-01-27	-4.583	0.4722	0.9703	16.1777
002873.XSHE	2021-01-27	28.7422	2.3958	2.49	-63.8902
002875.XSHE	2021-01-27	-55.5434	1.6193	1.2025	9.5589
002876.XSHE	2021-01-27	56.2752	3.6108	3.4811	13.2297
002877.XSHE	2021-01-27	44.4447	3.1593	4.4403	-56.336999999999996
002878.XSHE	2021-01-27	28.519000000000002	5.5415	2.2245	280.2511
002879.XSHE	2021-01-27	17.4433	1.7492	2.7458	-106.9934
002880.XSHE	2021-01-27	43.2473	5.1555	8.8374	44.4301
002881.XSHE	2021-01-27	143.0273	5.4435	3.0597	51.2893
002882.XSHE	2021-01-27	19.0678	1.9772	1.1591	226.3522
002883.XSHE	2021-01-27	24.3071	2.9406	4.9713	-110.9442
002884.XSHE	2021-01-27	19.8667	3.6346	5.2843	161.8613
002885.XSHE	2021-01-27	45.1363	2.8144	1.7979	-136.6829
002886.XSHE	2021-01-27	43.236999999999995	2.8611	3.0457	8.0563
002887.XSHE	2021-01-27	12.9192	1.6618	3.8974	7.6769
002888.XSHE	2021-01-27	58.2253	4.3669	6.9144	23.266
002889.XSHE	2021-01-27	18.7124	1.9251	0.435	-68.9807
002890.XSHE	2021-01-27	63.4516	2.4764	3.8022	-46.4452
002891.XSHE	2021-01-27	91.367	6.9284	5.5581	19.8429
002892.XSHE	2021-01-27	29.2454	4.1008	2.9603	43.2256
002893.XSHE	2021-01-27	34.0857	2.3816	1.5507	-8.1891
002895.XSHE	2021-01-27	30.1982	1.8654	3.1785	7.1031
002896.XSHE	2021-01-27	28.8836	3.3049	3.0804	53.184
002897.XSHE	2021-01-27	25.8926	3.2625	1.3887	26.2153
002898.XSHE	2021-01-27	-115.2395	2.3646	7.2863	31.1357
002899.XSHE	2021-01-27	40.3865	1.3669	1.663	-12.4929
002900.XSHE	2021-01-27	55.0648	1.5131	1.8612	33.8158
002901.XSHE	2021-01-27	49.9065	14.2798	18.3523	442.6388
002902.XSHE	2021-01-27	215.0193	2.3248	1.5929	202.3927
002903.XSHE	2021-01-27	49.0497	3.2946	10.527000000000001	50.5858
002905.XSHE	2021-01-27	-8.4571	2.2004	4.7013	42.3218
002906.XSHE	2021-01-27	171.0307	4.7393	5.3885	79.7787
002907.XSHE	2021-01-27	36.379	4.2924	5.487	19.9786
002908.XSHE	2021-01-27	38.6259	4.3746	6.1831	-51.1823
002909.XSHE	2021-01-27	20.1631	2.9605	2.2142	-183.1524
002910.XSHE	2021-01-27	118.6712	1.4473	3.1378	-60.1002
002911.XSHE	2021-01-27	19.3823	2.6954	1.1994	49.8768
002912.XSHE	2021-01-27	33.4559	5.422000000000001	9.5573	149.377
002913.XSHE	2021-01-27	28.6952	3.1628	3.0646	84.2437
002915.XSHE	2021-01-27	-144.5152	3.2108	3.0179	41.6148
002916.XSHE	2021-01-27	39.5607	8.1761	4.8864	213.2989
002917.XSHE	2021-01-27	34.5169	3.2507	4.2121	49.1342
002918.XSHE	2021-01-27	26.2138	4.1685	2.9812	-19.9307
002919.XSHE	2021-01-27	95.8334	7.8599	7.815	-71.6397
002920.XSHE	2021-01-27	140.9408	14.8978	10.8256	1377.5879
002921.XSHE	2021-01-27	22.5431	2.0367	1.7642	7.7331
002922.XSHE	2021-01-27	38.8121	1.4856	1.6524	3.8668
002923.XSHE	2021-01-27	22.7499	2.9586	2.2968	1278.2545
002925.XSHE	2021-01-27	31.6546	7.1982	6.9487	109.9975
002926.XSHE	2021-01-27	14.8101	1.2944	5.9508	6.5808
002927.XSHE	2021-01-27	27.6456	2.8455	3.1782	-313.1457
002928.XSHE	2021-01-27	44.4241	3.9082	2.9079	10.4033
002929.XSHE	2021-01-27	21.8337	1.6874	1.2367	97.5002
002930.XSHE	2021-01-27	43.549	4.2937	11.4107	311.1174
002931.XSHE	2021-01-27	33.163000000000004	3.7715	4.378	27.4961
002932.XSHE	2021-01-27	17.9621	6.2857	9.3023	33.8732
002933.XSHE	2021-01-27	33.1492	2.2877	12.1539	12.5993
002935.XSHE	2021-01-27	45.9661	3.9747	5.8292	-649.2382
002936.XSHE	2021-01-27	9.6572	0.7664	1.9505	32.2875
002937.XSHE	2021-01-27	28.4027	3.6797	3.5985	56.2103
002938.XSHE	2021-01-27	37.8885	4.9036	3.6854	-44.6064
002939.XSHE	2021-01-27	26.2509	2.0718	6.0404	7.0134
002940.XSHE	2021-01-27	23.6627	2.73	2.7713	57.5889
002941.XSHE	2021-01-27	32.7751	2.855	1.1462	8.2427
002942.XSHE	2021-01-27	17.8	3.0429	2.6227	720.0099
002943.XSHE	2021-01-27	-133.8395	2.3588	5.5197	354.7329
002945.XSHE	2021-01-27	46.6429	6.3731	24.9675	11.9407
002946.XSHE	2021-01-27	65.9876	8.0796	2.7034	178.7492
002947.XSHE	2021-01-27	33.2024	3.2684	7.4715	55.0883
002948.XSHE	2021-01-27	9.8425	1.05	2.1286	1.2787
002949.XSHE	2021-01-27	24.5447	3.1524	2.5065	32.6058
002950.XSHE	2021-01-27	13.0508	5.0838	3.7337	24.2614
002951.XSHE	2021-01-27	26.2359	3.6796	7.7	188.8693
002952.XSHE	2021-01-27	24.7306	2.8037	5.0936	27.8652
002953.XSHE	2021-01-27	32.9437	3.3412	2.2013	-32.8896
002955.XSHE	2021-01-27	38.4758	1.6277	1.245	-45.3515
002956.XSHE	2021-01-27	27.2422	3.0239	4.0046	49.8741
002957.XSHE	2021-01-27	27.3491	3.1947	4.0977	-9.997
002958.XSHE	2021-01-27	8.8417	1.0083	2.8214	5.3727
002959.XSHE	2021-01-27	38.8102	8.7837	4.7321	-340.4671
002960.XSHE	2021-01-27	18.6499	2.5455	3.3028	14.3042
002961.XSHE	2021-01-27	59.66	5.433	9.4706	7.8833
002962.XSHE	2021-01-27	25.3987	2.1351	5.9904	71.5026
002963.XSHE	2021-01-27	51.9029	1.5293	3.9563	-95.0878
002965.XSHE	2021-01-27	27.1716	2.4625	2.3569	79.3911
002966.XSHE	2021-01-27	10.2479	0.885	2.5243	-146.4835
002967.XSHE	2021-01-27	107.9782	12.311	11.8346	134.987
002968.XSHE	2021-01-27	49.5767	7.1313	4.8456	19.7623
002969.XSHE	2021-01-27	46.6988	2.2284	2.0913	57.27
002970.XSHE	2021-01-27	43.1539	6.5327	5.8556	27.423000000000002
002971.XSHE	2021-01-27	33.1102	2.526	3.3932	14.6846
002972.XSHE	2021-01-27	23.1001	2.6724	8.7477	14.6303
002973.XSHE	2021-01-27	27.9116	6.7881	3.2218	30.6318
002975.XSHE	2021-01-27	42.5694	10.529000000000002	11.0608	96.1015
002976.XSHE	2021-01-27	33.4337	3.1381	4.0635	119.8518
002977.XSHE	2021-01-27	100.2597	8.6891	33.1319	-2081.6267
002978.XSHE	2021-01-27	28.2518	4.7097	11.4128	22.645
002979.XSHE	2021-01-27	49.0482	8.4428	10.2309	52.7279
002980.XSHE	2021-01-27	16.9157	5.4307	6.1456	13.6254
002981.XSHE	2021-01-27	35.7606	2.8566	2.5646	7.1568
002982.XSHE	2021-01-27	25.9471	3.818	2.9242	10.5783
002983.XSHE	2021-01-27	40.5327	3.8187	6.8996	199.4793
002984.XSHE	2021-01-27	22.3263	3.8539	4.3783	17.2459
002985.XSHE	2021-01-27	91.1203	13.3831	46.0269	50.045
002986.XSHE	2021-01-27	38.8933	1.8985	1.4045	8.5014
002987.XSHE	2021-01-27	30.7283	4.3971	3.5391	37.5292
002988.XSHE	2021-01-27	28.2466	1.5327	1.006	11.6897
002989.XSHE	2021-01-27	30.6967	3.7313	2.2576	9.0887
002990.XSHE	2021-01-27	41.4971	5.2887	10.3188	8.3752
002991.XSHE	2021-01-27	42.2753	5.8697	6.7958	114.3476
002992.XSHE	2021-01-27	44.4827	2.1344	2.373	7.1002
002993.XSHE	2021-01-27	34.3067	4.8608	3.7531	14.067
002995.XSHE	2021-01-27	30.6758	3.2869	1.1338	7.9313
002996.XSHE	2021-01-27	30.273000000000003	2.9929	1.1725	21.256999999999998
002997.XSHE	2021-01-27	20.8319	2.9593	2.9948	5.0569
002998.XSHE	2021-01-27	23.2653	2.1609	2.0543	6.3911
002999.XSHE	2021-01-27	22.8238	2.6164	0.2861	4.9732
003000.XSHE	2021-01-27	44.9441	6.5775	6.0566	19.0866
003001.XSHE	2021-01-27	21.8112	2.2713	2.5245	4.123
003002.XSHE	2021-01-27	32.4398	2.7119999999999997	5.0952	6.36
003003.XSHE	2021-01-27	40.3591	2.2867	2.8229	6.1202
003004.XSHE	2021-01-27	29.4771	4.148	7.5188	56.8363
003005.XSHE	2021-01-27	23.7221	3.4687	6.1873	5.7223
003006.XSHE	2021-01-27	47.7267	7.6805	6.6414	21.7185
003007.XSHE	2021-01-27	22.6454	2.5875	4.4821	4.3367
003008.XSHE	2021-01-27	33.3818	2.7271	17.4259	4.4618
003009.XSHE	2021-01-27	78.4884	7.3608	9.7145	16.5203
003010.XSHE	2021-01-27	35.4425	3.4876	3.214	8.3451
003011.XSHE	2021-01-27	20.8918	3.3183	3.3162	4.7334
003012.XSHE	2021-01-27	26.0283	2.7406	2.9343	39.7087
003013.XSHE	2021-01-27	25.7376	4.0312	4.0371	53.54
003015.XSHE	2021-01-27	37.4912	3.3461	6.6882	177.4476
003016.XSHE	2021-01-27	21.2226	1.3915	2.1758	10.5552
003017.XSHE	2021-01-27	28.308000000000003	3.0204	4.2964	240.8689
003018.XSHE	2021-01-27	37.0587	2.7846	6.6151	-87.9089
003019.XSHE	2021-01-27	25.5966	3.0997	2.8364	59.5897
003020.XSHE	2021-01-27	23.4585	2.6347	1.6445	22.3464
003021.XSHE	2021-01-27	25.816999999999997	2.8975	5.8967	-367.7653
003022.XSHE	2021-01-27	54.2611	5.5341	5.2589999999999995	-439.4604
003023.XSHE	2021-01-27	25.1458	2.0242	2.5659	337.9414
003025.XSHE	2021-01-27	27.3355	3.3821	7.4279	-556.2047
003026.XSHE	2021-01-27	111.3378	12.4163	35.5217	217.6523
003027.XSHE	2021-01-27	18.1906	2.2413	3.8304	148.8619
003028.XSHE	2021-01-27	26.8645	4.3806	5.0794	168.16299999999998
003029.XSHE	2021-01-27	42.0069	3.2226	6.3825	55.1074
003030.XSHE	2021-01-27	53.6884	5.9048	4.8056	283.9963
003031.XSHE	2021-01-27	111.9208	8.4047	14.4856	-58.4387
003032.XSHE	2021-01-27	211.1691	7.4753	12.4452	-118.3224
003033.XSHE	2021-01-27	19.9562	2.7349	2.6378	4069.6716
003035.XSHE	2021-01-27	38.7728	2.524	7.1611	-20.468
003816.XSHE	2021-01-27	14.9033	1.4823	2.0608	-18.3969
300001.XSHE	2021-01-27	165.1845	8.6918	5.2596	513.0699
300002.XSHE	2021-01-27	-9.0689	2.3618	2.9802	115.4117
300003.XSHE	2021-01-27	24.0478	4.9905	6.0421	52.8192
300004.XSHE	2021-01-27	40.0617	1.3303	3.8102	175.0522
300005.XSHE	2021-01-27	-34.0291	2.5813	5.789	-74.6614
300006.XSHE	2021-01-27	-25.5606	3.8901	3.6142	23.8853
300007.XSHE	2021-01-27	-85.3696	2.7866	2.2316	32.6268
300008.XSHE	2021-01-27	-39.6689	21.8745	19.2004	104.9199
300009.XSHE	2021-01-27	118.18700000000001	7.0946	11.5686	-1134.5291
300010.XSHE	2021-01-27	-55.1815	2.0747	3.4511	-418.8155
300011.XSHE	2021-01-27	51.5049	1.6809	2.4043	41.8741
300012.XSHE	2021-01-27	93.3624	13.5239	14.4279	224.3194
300013.XSHE	2021-01-27	-3.9433	3.2365	3.2324	-40.1845
300014.XSHE	2021-01-27	164.2022	19.9005	29.9701	-270.8341
300015.XSHE	2021-01-27	200.3987	35.7356	31.3655	158.6022
300016.XSHE	2021-01-27	12.8561	2.7217	5.1696	22.8784
300017.XSHE	2021-01-27	-29.6348	1.8041	2.6726	127.2032
300018.XSHE	2021-01-27	51.1443	2.5246	6.5051	-15.2715
300019.XSHE	2021-01-27	33.9509	6.3376	4.8264	87.1973
300020.XSHE	2021-01-27	37.0959	1.4905	2.5516	24.7769
300021.XSHE	2021-01-27	42.773999999999994	2.7786	2.0494	45.5465
300022.XSHE	2021-01-27	-16.5556	19.0426	0.6407	70.7833
300023.XSHE	2021-01-27	-17.6686	7.144	100.7094	15.2184
300024.XSHE	2021-01-27	137.2281	2.9137	7.4953	-325.6674
300025.XSHE	2021-01-27	-6.1033	3.5732	1.8927	-270.4316
300026.XSHE	2021-01-27	25.499000000000002	1.7149	2.0259	-135.6468
300027.XSHE	2021-01-27	-3.1131	2.8268	6.555	-15.3262
300029.XSHE	2021-01-27	-15.6043	59.7202	159.89	-1812.2864
300030.XSHE	2021-01-27	18.7547	3.7883	5.0222	335.1711
300031.XSHE	2021-01-27	17.8735	2.4159	2.612	-8.8757
300032.XSHE	2021-01-27	42.1453	2.7866	2.6269	-206.8719
300033.XSHE	2021-01-27	54.669	15.4239	29.43	86.0953
300034.XSHE	2021-01-27	95.2933	7.0192	10.2088	-1892.3549
300035.XSHE	2021-01-27	56.7004	3.9555	8.4793	88.2697
300036.XSHE	2021-01-27	32.1457	3.6921	4.6142	29.3971
300037.XSHE	2021-01-27	70.8829	7.3954	12.4235	37.4009
300038.XSHE	2021-01-27	32.6309	0.2748	0.4766	-8.3788
300039.XSHE	2021-01-27	29.8804	1.7253	4.4198	-5.263
300040.XSHE	2021-01-27	39.1666	1.1647	2.0791	318.0638
300041.XSHE	2021-01-27	30.1593	3.2753	2.9421	98.8117
300042.XSHE	2021-01-27	32.2153	2.3417	1.8371	384.8213
300043.XSHE	2021-01-27	-77.3215	1.4074	2.2057	-134.1512
300044.XSHE	2021-01-27	-9.9252	2.6239999999999997	3.5645	-19.4671
300045.XSHE	2021-01-27	-38.0854	3.1081	8.0064	174.3599
300046.XSHE	2021-01-27	-16.7616	6.8388	23.807	88.7707
300047.XSHE	2021-01-27	32.2918	1.3218	0.8383	75.8824
300048.XSHE	2021-01-27	-17.6586	2.4995	3.4482	98.2229
300049.XSHE	2021-01-27	38.731	1.4367	2.3632	14.0048
300050.XSHE	2021-01-27	-6.7293	1.3488	2.6511	-58.193000000000005
300051.XSHE	2021-01-27	-5.8956	5.2399	6.497999999999999	208.7795
300052.XSHE	2021-01-27	-148.13299999999998	2.7013	2.4371	-21.0301
300053.XSHE	2021-01-27	-24.0244	2.1015	7.4124	-45.0728
300054.XSHE	2021-01-27	217.5401	5.4717	13.2362	-556.7839
300055.XSHE	2021-01-27	131.5095	0.7711	7.778	-16.2475
300056.XSHE	2021-01-27	-69.9103	2.0215	1.1059	-415.8565
300057.XSHE	2021-01-27	30.3894	0.8935	0.619	144.8725
300058.XSHE	2021-01-27	23.4678	1.7952	0.4411	25.7556
300059.XSHE	2021-01-27	83.5552	10.0742	45.2513	19.9723
300061.XSHE	2021-01-27	-31.5596	1.3619999999999999	2.0602	-3.2308
300062.XSHE	2021-01-27	-168.9876	4.0222	3.6263	-26.4962
300063.XSHE	2021-01-27	42.7927	3.2998	0.3801	316.0219
300064.XSHE	2021-01-27	-0.5895	2.7326	6.3735	-12.5405
300065.XSHE	2021-01-27	83.2132	3.012	5.8219	-32.7629
300066.XSHE	2021-01-27	21.7616	2.5157	4.6316	381.3761
300067.XSHE	2021-01-27	29.8385	2.1075	3.8719	72.9923
300068.XSHE	2021-01-27	22.8285	1.7165	1.1567	242.8859
300069.XSHE	2021-01-27	313.3686	4.5997	8.8828	-599.6712
300070.XSHE	2021-01-27	19.6303	1.1585	2.3411	57.9986
300071.XSHE	2021-01-27	-34.5805	88.1061	1.1448	-18.338
300072.XSHE	2021-01-27	-26.7575	1.7047	2.1332	23.6651
300073.XSHE	2021-01-27	-166.6679	7.3968	11.0647	25.983
300074.XSHE	2021-01-27	122.6975	1.5875	3.8316	7.0289
300075.XSHE	2021-01-27	46.3689	1.66	4.0319	9.4321
300076.XSHE	2021-01-27	201.5114	1.8597	15.8595	-7.4814
300077.XSHE	2021-01-27	23.6563	3.5269999999999997	10.4444	-37.082
300078.XSHE	2021-01-27	63.175	2.144	4.2561	40.5354
300079.XSHE	2021-01-27	125.6148	1.4934	6.0396	30.7909
300080.XSHE	2021-01-27	-32.7642	2.1357	3.0437	-16.2765
300081.XSHE	2021-01-27	-42.5057	1.8187	10.2818	-14.3909
300082.XSHE	2021-01-27	25.8125	3.1502	1.8738	-17575.2656
300083.XSHE	2021-01-27	61.7448	5.7397	4.6781	-56.3307
300084.XSHE	2021-01-27	-2.7398	1.1061	2.4433	-11.7026
300085.XSHE	2021-01-27	-440.5982	8.1724	8.2527	-345.6479
300086.XSHE	2021-01-27	-86.411	1.4964	2.559	78.7162
300087.XSHE	2021-01-27	118.8925	31.818	8.878	69.2235
300088.XSHE	2021-01-27	20.9555	2.8254	3.06	42.6224
300089.XSHE	2021-01-27	-12.2642	11.1615	17.1804	-163.6102
300091.XSHE	2021-01-27	67.4399	1.6504	2.4943	-61.9087
300092.XSHE	2021-01-27	25.7397	2.983	2.6111	748.7692
300093.XSHE	2021-01-27	-11.0981	2.7897	3.7706	8098.8135
300094.XSHE	2021-01-27	-6.1104	1.7293	0.7646	-42.903
300095.XSHE	2021-01-27	23.0944	2.7397	2.8101	54.4861
300096.XSHE	2021-01-27	-113.9248	5.2998	3.33	185.6704
300097.XSHE	2021-01-27	-4.2426	1.77	2.9666	-155.6856
300098.XSHE	2021-01-27	-4.5107	1.3919	3.0082	-31.7511
300099.XSHE	2021-01-27	61.4242	2.7296	7.9028	-21.64
300100.XSHE	2021-01-27	-5.2381	2.1573	1.1759	-16.42
300101.XSHE	2021-01-27	213.6075	10.2989	20.5122	-3340.9575
300102.XSHE	2021-01-27	-7.5142	1.5005	2.9506	38.5817
300103.XSHE	2021-01-27	45.8667	3.1725	2.4338	56.4546
300105.XSHE	2021-01-27	147.1314	1.0837	4.795	2.1641
300106.XSHE	2021-01-27	-62.2582	5.6583	4.5744	74.8506
300107.XSHE	2021-01-27	29.1884	1.954	4.8061	27.1808
300108.XSHE	2021-01-27	-1.0716	11.907	2.9027	248.2784
300109.XSHE	2021-01-27	39.1858	1.2028	3.9427	110.1467
300110.XSHE	2021-01-27	71.1072	2.2651	3.6318	26.5238
300111.XSHE	2021-01-27	-90.0351	43.7798	8.5098	207.9244
300112.XSHE	2021-01-27	33.3519	2.3402	3.3208	89.1357
300113.XSHE	2021-01-27	-69.0551	4.0526	8.8227	-41.5223
300114.XSHE	2021-01-27	31.034000000000002	4.145	4.4699	277.9352
300115.XSHE	2021-01-27	91.6979	4.2869	3.0679	478.3089
300116.XSHE	2021-01-27	3.0575	18.0376	58.5375	39.2309
300117.XSHE	2021-01-27	-5.8397	1.6994	0.9941	-121.4288
300118.XSHE	2021-01-27	29.691999999999997	2.7594	1.6092	52.1812
300119.XSHE	2021-01-27	32.0139	4.1959	5.1021	75.8677
300120.XSHE	2021-01-27	30.8623	1.6004	1.3351	-13.3297
300121.XSHE	2021-01-27	35.1363	2.7519	2.3996	-45.9412
300122.XSHE	2021-01-27	85.7858	35.605	18.925	521.8383
300123.XSHE	2021-01-27	53.8395	2.0915	4.5603	236.6656
300124.XSHE	2021-01-27	94.344	17.1657	16.0878	206.69
300125.XSHE	2021-01-27	1953.3332	4.6383	36.9607	18.44
300126.XSHE	2021-01-27	89.9686	1.9959	4.9854	-97.889
300127.XSHE	2021-01-27	36.306	4.2458	8.9351	-125.9266
300128.XSHE	2021-01-27	-775.2512	2.9422	2.6509	41.6547
300129.XSHE	2021-01-27	20.0322	1.989	1.676	-57.2015
300130.XSHE	2021-01-27	46.5597	1.9508	1.9883	8.9757
300131.XSHE	2021-01-27	51.4143	5.642	0.6890000000000001	16.7392
300132.XSHE	2021-01-27	19.3978	3.0516	2.4667	-72.1711
300133.XSHE	2021-01-27	-9.2659	2.1928	3.7139	-6.6431
300134.XSHE	2021-01-27	-22.028000000000002	1.6423	3.8337	-30.235
300135.XSHE	2021-01-27	537.6558	1.6331	0.9565	28.5985
300136.XSHE	2021-01-27	36.8315	6.3726	5.8551	101.3765
300137.XSHE	2021-01-27	16.5466	1.6212	2.9427	49.199
300138.XSHE	2021-01-27	31.7484	4.154	2.178	29.9183
300139.XSHE	2021-01-27	-34.0377	2.2633	14.1635	51.2991
300140.XSHE	2021-01-27	-6.1262	1.0415	0.9718	-4.3121
300141.XSHE	2021-01-27	-264.6316	3.1402	6.9232	-33.9308
300142.XSHE	2021-01-27	139.1224	11.0088	33.6367	-440.3722
300143.XSHE	2021-01-27	-16.3404	5.4244	17.3594	52.32
300144.XSHE	2021-01-27	213.4522	4.5973	42.4078	220.2746
300145.XSHE	2021-01-27	-29.3689	1.0967	1.3799	-9.7434
300146.XSHE	2021-01-27	-468.7095	5.4235	6.3417	43.1877
300147.XSHE	2021-01-27	40.6631	1.5242	1.673	11.3191
300148.XSHE	2021-01-27	-46.6082	0.7977	2.5168	16.7493
300149.XSHE	2021-01-27	46.4143	2.7686	4.537	84.84
300150.XSHE	2021-01-27	21.8945	1.2414	2.9042	82.2149
300151.XSHE	2021-01-27	92.3971	14.2397	14.4205	375.3366
300152.XSHE	2021-01-27	-25.068	3.8295	6.4518	22.5351
300153.XSHE	2021-01-27	-53.9697	1.9357	2.0044	-180.2614
300154.XSHE	2021-01-27	28.1677	1.4352	4.1726	-8.6525
300155.XSHE	2021-01-27	41.4918	2.7759	3.8602	-164.438
300157.XSHE	2021-01-27	-1.9687	0.9858	3.1973	-16.0846
300158.XSHE	2021-01-27	22.9567	0.8539	1.0246	10.1931
300159.XSHE	2021-01-27	-2.491	1.5755	5.8783	-38.2847
300160.XSHE	2021-01-27	39.8033	4.3446	3.6519	-246.3758
300161.XSHE	2021-01-27	33.0044	2.6007	2.4668	12.8937
300162.XSHE	2021-01-27	-438167.7001	1.9389	1.8849	32.412
300163.XSHE	2021-01-27	67.6692	2.5721	4.6709	27.5176
300164.XSHE	2021-01-27	-10.0214	0.889	1.8516	-174.8633
300165.XSHE	2021-01-27	95.8854	1.3319999999999999	2.6478	-2089.4902
300166.XSHE	2021-01-27	20.6175	1.8252	4.7119	349.6995
300167.XSHE	2021-01-27	-48.1431	2.3971	3.2207	72.3579
300168.XSHE	2021-01-27	-12.8539	7.682	10.2982	86.807
300169.XSHE	2021-01-27	-9.1862	2.9404	2.9139	-95.9258
300170.XSHE	2021-01-27	147.1642	1.9985	2.7060000000000004	31.7883
300171.XSHE	2021-01-27	27.7001	3.0126	3.8905	13.110999999999999
300172.XSHE	2021-01-27	18.4845	1.7434	3.1444	-51.2255
300173.XSHE	2021-01-27	-29.9648	2.7504	6.8584	39.8602
300174.XSHE	2021-01-27	65.0483	3.1973	4.6648	45.1098
300175.XSHE	2021-01-27	121.8804	2.6691	3.9827	50.1721
300176.XSHE	2021-01-27	-15.072000000000001	2.8199	2.1792	21.8522
300177.XSHE	2021-01-27	-58.357	3.4247	4.2362	115.2549
300178.XSHE	2021-01-27	-0.9599	1.8972	5.2622	-7.7238
300179.XSHE	2021-01-27	33.7624	2.8734	7.0057	179.9455
300180.XSHE	2021-01-27	48.0628	1.7754	3.3681	29.6763
300181.XSHE	2021-01-27	73.0125	2.6438	3.513	40.742
300182.XSHE	2021-01-27	-3.2257	1.0226	2.7329	-61.294
300183.XSHE	2021-01-27	31.6335	2.1997	7.8855	-19.1812
300184.XSHE	2021-01-27	38.2585	0.8559	0.3772	10.0184
300185.XSHE	2021-01-27	27.5842	1.9499	2.0352	-448.6158
300187.XSHE	2021-01-27	53.8832	2.7582	6.7608	-116.9065
300188.XSHE	2021-01-27	39.6453	5.1809	6.8309	133.3674
300189.XSHE	2021-01-27	-21.5401	4.11	59.5984	95.5052
300190.XSHE	2021-01-27	13.5348	1.2446	1.7536	9.607000000000001
300191.XSHE	2021-01-27	259.8662	4.8979	14.0536	-147.9384
300192.XSHE	2021-01-27	32.7896	4.7052	4.8908	18.6679
300193.XSHE	2021-01-27	20.3911	1.6084	3.5646	-14.3949
300194.XSHE	2021-01-27	19.6986	1.2602	2.0783	27.9675
300195.XSHE	2021-01-27	-3.18	0.83	1.7712	-12.7684
300196.XSHE	2021-01-27	30.2856	2.7256	3.7603	78.2781
300197.XSHE	2021-01-27	-5.8072	1.3301	2.455	-16.9455
300198.XSHE	2021-01-27	-46.6964	2.7035	4.5579	-36.3735
300199.XSHE	2021-01-27	-6.9184	2.2773	6.9549	-10.1286
300200.XSHE	2021-01-27	17.8466	2.3111	4.422	20.471
300201.XSHE	2021-01-27	-10.9116	2.0694	1.4418	420.5039
300202.XSHE	2021-01-27	154.5074	2.5104	6.8812	66.3928
300203.XSHE	2021-01-27	-25.1608	1.7358	1.6012	26.084
300204.XSHE	2021-01-27	-35.0122	2.5203	9.0463	73.7085
300205.XSHE	2021-01-27	-120.7297	2.8578	2.0529	46.798
300206.XSHE	2021-01-27	15.1368	5.4287	4.4814	17.6949
300207.XSHE	2021-01-27	60.2806	6.8657	1.5544	49.7357
300208.XSHE	2021-01-27	-36.6314	4.4467	12.6903	-130.7358
300209.XSHE	2021-01-27	-82.5754	0.7778	0.64	-8.9451
300210.XSHE	2021-01-27	-8.8187	2.12	5.3168	-79.5905
300211.XSHE	2021-01-27	201.7593	4.7086	25.2763	32.8928
300212.XSHE	2021-01-27	56.3572	5.4155	6.2429	102.8944
300213.XSHE	2021-01-27	24.1859	1.8127	3.1956	-84.7952
300214.XSHE	2021-01-27	13.3062	1.6914	1.3509	20.8939
300215.XSHE	2021-01-27	43.9381	2.5331	6.4716	10.6197
300217.XSHE	2021-01-27	-37.219	1.9419	1.7868	-89.3679
300218.XSHE	2021-01-27	56.641999999999996	2.0165	1.391	-40.2459
300219.XSHE	2021-01-27	-77.1016	3.6707	2.2994	-87.7256
300220.XSHE	2021-01-27	453.8215	7.0864	9.8853	209.4164
300221.XSHE	2021-01-27	83.2034	3.6436	2.5936	254.6417
300222.XSHE	2021-01-27	-2.5047	3.4468	3.0389999999999997	-20.8478
300223.XSHE	2021-01-27	2089.1755	4.1402	25.4529	24.6122
300224.XSHE	2021-01-27	109.3413	4.5571	6.1751	372.1857
300225.XSHE	2021-01-27	142.8792	10.2066	11.8333	222.1767
300226.XSHE	2021-01-27	57.096000000000004	8.2559	0.1296	-1318.1393
300227.XSHE	2021-01-27	60.364	4.1524	6.452999999999999	-220.4385
300228.XSHE	2021-01-27	-10.2172	1.9042	1.6623	166.6934
300229.XSHE	2021-01-27	36.5033	3.4802	7.5914	-766.1956
300230.XSHE	2021-01-27	18.4889	1.2539	1.1664	195.5301
300231.XSHE	2021-01-27	23.5821	2.8172	1.87	-14.2753
300232.XSHE	2021-01-27	29.1439	2.3676	1.7195	111.1187
300233.XSHE	2021-01-27	-341.6323	1.972	2.9547	20.9294
300234.XSHE	2021-01-27	42.6546	3.0005	4.8693	-447.8016
300235.XSHE	2021-01-27	68.1056	3.1969	18.3999	12.5207
300236.XSHE	2021-01-27	141.5503	2.6183	20.565	-235.9268
300237.XSHE	2021-01-27	-80.2565	1.0043	1.1399	6.8576
300238.XSHE	2021-01-27	-12.4875	7.404	12.5955	23.8226
300239.XSHE	2021-01-27	124.7797	2.8471	6.175	-208.0534
300240.XSHE	2021-01-27	70.8725	1.6740000000000002	0.5758	23.6771
300241.XSHE	2021-01-27	-26.0757	2.4764	2.4634	-408.7585
300242.XSHE	2021-01-27	-399.0183	2.8543	0.4283	-527.4981
300243.XSHE	2021-01-27	52.8453	5.6675	3.4439	-182.3206
300244.XSHE	2021-01-27	30.9363	5.8471	2.8495	28.2233
300245.XSHE	2021-01-27	95.1757	1.7302	6.0463	-368.9745
300246.XSHE	2021-01-27	12.4171	4.8306	3.0528	12.140999999999998
300247.XSHE	2021-01-27	-3.0737	2.6878	4.0676	22.7871
300248.XSHE	2021-01-27	22.9112	2.3407	4.3554	34.7024
300249.XSHE	2021-01-27	-33.2173	3.9685	2.0902	-82.6424
300250.XSHE	2021-01-27	99.2817	1.8714	4.9927	47.0789
300251.XSHE	2021-01-27	-387.173	4.2968	44.6783	-45.8579
300252.XSHE	2021-01-27	70.8169	1.8839	2.1241	-23.7715
300253.XSHE	2021-01-27	97.1043	7.912000000000001	15.3408	213.0851
300254.XSHE	2021-01-27	-7.8366	1.5378	1.4744	-40.271
300255.XSHE	2021-01-27	22.1768	1.86	2.292	38.3112
300256.XSHE	2021-01-27	20.0075	2.7294	0.6842	-17.084
300257.XSHE	2021-01-27	53.3331	2.8277	4.6386	-121.103
300258.XSHE	2021-01-27	60.0796	2.2452	5.7594	-119.6469
300259.XSHE	2021-01-27	14.5731	2.1957	4.4365	46958.8555
300260.XSHE	2021-01-27	44.5293	3.1183	2.4998	34.6462
300261.XSHE	2021-01-27	36.6127	2.7931	2.7278	62.2208
300262.XSHE	2021-01-27	-90.272	0.9284	4.3826	-17.0598
300263.XSHE	2021-01-27	27.4606	2.0037	3.2077	39.8114
300264.XSHE	2021-01-27	-9.0251	4.3845	8.4909	434.6521
300265.XSHE	2021-01-27	79.171	2.6837	2.2317	26.5596
300266.XSHE	2021-01-27	-133.8814	2.0057	2.2114	10.1469
300267.XSHE	2021-01-27	44.5312	1.3597	3.0743	-29.9654
300268.XSHE	2021-01-27	-3.1388	-75.7667	0.3435	-11.4493
300269.XSHE	2021-01-27	-1.3144	6.3789	1.3998	-19.7542
300270.XSHE	2021-01-27	-15.8464	1.8324	8.1619	198.6399
300271.XSHE	2021-01-27	57.3047	2.6946	5.7469	26.0267
300272.XSHE	2021-01-27	27.6839	2.2859	2.3771	278.3435
300273.XSHE	2021-01-27	98.391	1.5999	4.1573	22.285999999999998
300274.XSHE	2021-01-27	99.28299999999999	15.7022	8.588	59.923
300275.XSHE	2021-01-27	60.8847	3.1029	5.8973	79.2701
300276.XSHE	2021-01-27	31.8865	1.4088	3.2118	918.6314
300277.XSHE	2021-01-27	152.6807	5.4749	8.984	-64.6272
300278.XSHE	2021-01-27	-2.1813	10.2811	1.3814	5.9167
300279.XSHE	2021-01-27	-1097.7291	2.4914	1.4544	-21.4317
300280.XSHE	2021-01-27	32.7056	4.3137	6.4607	15.228
300281.XSHE	2021-01-27	45.0084	1.8165	6.3896	29.3433
300282.XSHE	2021-01-27	-13.0799	0.6122	3.5395	-29.1556
300283.XSHE	2021-01-27	83.4773	3.1176	1.2732	-372.9251
300284.XSHE	2021-01-27	11.0885	1.1483	0.9447	11.6232
300285.XSHE	2021-01-27	90.8289	10.4779	20.7218	-42493.9375
300286.XSHE	2021-01-27	24.9162	3.6823	4.2046	40.2001
300287.XSHE	2021-01-27	-31.6654	1.386	5.6593	-53.8756
300288.XSHE	2021-01-27	70.4564	2.4021	8.8861	-126.1268
300289.XSHE	2021-01-27	6245.0448	2.5660000000000003	7.0716	47.8096
300290.XSHE	2021-01-27	64.0788	2.4098	4.2899	39.1548
300291.XSHE	2021-01-27	73.0073	1.1936	20.1429	3.3988
300292.XSHE	2021-01-27	192.4154	2.5747	1.2428	-281.4154
300293.XSHE	2021-01-27	-67.3711	4.4336	3.0846	39.3403
300294.XSHE	2021-01-27	39.2038	3.1927	4.6505	361.8945
300295.XSHE	2021-01-27	34.505	1.6638	4.2705	18.0697
300296.XSHE	2021-01-27	69.2626	1.7677	2.092	64.6611
300297.XSHE	2021-01-27	-5.382000000000001	1.5249	4.0239	-121.1893
300298.XSHE	2021-01-27	82.5422	8.7503	11.5589	-235.8163
300299.XSHE	2021-01-27	-9.3844	10.267999999999999	11.5556	74.2042
300300.XSHE	2021-01-27	-2.271	2.2758	10.8192	-75.1845
300301.XSHE	2021-01-27	-5.6355	2.4182	2.1233	58.5671
300302.XSHE	2021-01-27	220.767	3.0875	15.052999999999999	34.4936
300303.XSHE	2021-01-27	23.4062	2.8756	2.8421	-576.8611
300304.XSHE	2021-01-27	27.3773	2.0039	5.0307	-32.1908
300305.XSHE	2021-01-27	24.3393	1.6504	3.0166	-1055.2434
300306.XSHE	2021-01-27	42.9943	1.7889	6.6606	-120.2897
300307.XSHE	2021-01-27	-5.0182	1.5555	3.7222	-381.7079
300308.XSHE	2021-01-27	49.8805	4.9652	5.6425	260.9875
300309.XSHE	2021-01-27	-1.7928	8.452	2.9169	-11.9476
300310.XSHE	2021-01-27	163.7511	2.488	1.8996	15.8839
300311.XSHE	2021-01-27	-17.1562	4.1724	4.4917	29.2637
300312.XSHE	2021-01-27	-14.719000000000001	195.3637	31.0318	173.7053
300313.XSHE	2021-01-27	-159.3553	39.5475	20.4269	-380.9011
300314.XSHE	2021-01-27	32.5334	5.1107	11.0545	-227.3688
300315.XSHE	2021-01-27	31.0627	2.7457	8.7765	30.3701
300316.XSHE	2021-01-27	82.0701	11.4605	15.7679	129.3525
300317.XSHE	2021-01-27	-5.2644	2.7516	6.9352	1084.2415
300318.XSHE	2021-01-27	2349.1317	6.224	12.1675	70.5646
300319.XSHE	2021-01-27	133.4751	2.5703	2.5218	19.9269
300320.XSHE	2021-01-27	13.7721	1.7483	1.391	234.06900000000002
300321.XSHE	2021-01-27	58.7641	2.4866	3.7573	-28.5237
300322.XSHE	2021-01-27	223.9959	3.926	2.9725	-168.6241
300323.XSHE	2021-01-27	-41.1966	2.9272	7.0663	-75.783
300324.XSHE	2021-01-27	-433.167	1.183	2.1413	-11.597999999999999
300325.XSHE	2021-01-27	-2.9662	2.6322	1.9219	-25.8005
300326.XSHE	2021-01-27	34.4131	3.1898	8.2471	53.7608
300327.XSHE	2021-01-27	48.9133	10.2971	10.4801	42.0525
300328.XSHE	2021-01-27	66.1255	4.0653	5.797000000000001	363.1517
300329.XSHE	2021-01-27	48.0378	1.624	3.3723	-38.7314
300330.XSHE	2021-01-27	263.0793	3.9754	4.9114	18.3203
300331.XSHE	2021-01-27	73.5365	3.5697	3.9693	96.1161
300332.XSHE	2021-01-27	115.5561	1.1589	2.3458	-602.1473
300333.XSHE	2021-01-27	1341.7444	3.2338	11.788	-9.5071
300334.XSHE	2021-01-27	-2.3532	2.2017	3.9689	-98.1227
300335.XSHE	2021-01-27	55.748999999999995	1.2861	1.238	66.8867
300336.XSHE	2021-01-27	-1.8164	1.1909999999999998	6.0607	-109.1458
300337.XSHE	2021-01-27	50.8434	2.968	1.8891	79.7774
300338.XSHE	2021-01-27	-2.1025	1.425	1.8848	-17.1674
300339.XSHE	2021-01-27	-4.0169999999999995	2.5233	3.3259	-49.246
300340.XSHE	2021-01-27	-40.9983	1.7934	1.4023	-125.6501
300341.XSHE	2021-01-27	33.2122	4.3161	3.9741	-916.7081
300342.XSHE	2021-01-27	41.203	3.3360000000000003	5.3729	221.2928
300343.XSHE	2021-01-27	-2.4311	4.3915	1.8175	60.9374
300344.XSHE	2021-01-27	-27.9644	3.9814	8.6695	7842.8887
300345.XSHE	2021-01-27	118.5752	2.9596	10.5354	14.7022
300346.XSHE	2021-01-27	140.5941	10.6369	26.1895	59.0197
300347.XSHE	2021-01-27	91.2441	9.3098	48.4472	16.7162
300348.XSHE	2021-01-27	70.7941	10.6017	9.7581	-40.8232
300349.XSHE	2021-01-27	13.1665	1.2605	2.3737	83.1411
300350.XSHE	2021-01-27	-3.8136	5.479	4.3412	-160.2654
300351.XSHE	2021-01-27	-7.3459	1.6584	3.165	-36.2329
300352.XSHE	2021-01-27	218.3243	3.0418	10.0315	183.6826
300353.XSHE	2021-01-27	-6.0037	2.2582	4.8688	-114.1625
300354.XSHE	2021-01-27	59.2324	5.1621	10.3556	-185.1501
300355.XSHE	2021-01-27	90.5167	1.3259999999999998	2.2312	63.956
300356.XSHE	2021-01-27	-67.0605	1.6522	4.5297	8.8489
300357.XSHE	2021-01-27	159.1938	31.8014	70.92	-102.9631
300358.XSHE	2021-01-27	78.2624	2.0045	2.8576	36.7002
300359.XSHE	2021-01-27	-5.6194	5.7081	5.6294	32.0321
300360.XSHE	2021-01-27	13.2083	1.7912	4.1325	-43.6269
300362.XSHE	2021-01-27	-0.6963	-0.3737	1.2213	46.013000000000005
300363.XSHE	2021-01-27	80.1429	7.0304	11.8231	206.3864
300364.XSHE	2021-01-27	-17.7367	4.4343	7.6295	-57.8751
300365.XSHE	2021-01-27	22.4325	2.6748	5.9291	11.5928
300366.XSHE	2021-01-27	67.3679	1.6088	1.8788	99.6798
300367.XSHE	2021-01-27	-1.1368	13.0755	179.0493	-11.24
300368.XSHE	2021-01-27	114.4429	7.1005	5.0762	-122.4452
300369.XSHE	2021-01-27	48.5387	3.2461	6.0986	-96.5466
300370.XSHE	2021-01-27	-14.4039	3.0818	2.8116	-48.6489
300371.XSHE	2021-01-27	16.6759	2.6892	5.0343	-190.487
300373.XSHE	2021-01-27	67.0407	5.3326	9.3165	-374.7003
300374.XSHE	2021-01-27	53.4429	2.0093	2.8673	49.9857
300375.XSHE	2021-01-27	20.7656	1.3608	1.9598	31.535
300376.XSHE	2021-01-27	47.0738	2.839	3.3372	47.4431
300377.XSHE	2021-01-27	44.2508	2.1158	8.5683	288.9302
300378.XSHE	2021-01-27	64.6543	5.0078	4.9825	35.8799
300379.XSHE	2021-01-27	114.411	6.6109	26.3692	123.7947
300380.XSHE	2021-01-27	77.24	5.8773	4.255	66.4428
300381.XSHE	2021-01-27	30.0013	1.7084	2.4163	444.5041
300382.XSHE	2021-01-27	75.3825	4.9356	6.0898	78.0961
300383.XSHE	2021-01-27	30.4815	3.0267	3.6684	49.881
300384.XSHE	2021-01-27	25.5331	2.1954	5.4158	-31.8436
300385.XSHE	2021-01-27	22.7198	1.8318	1.8522	22.1851
300386.XSHE	2021-01-27	74.7385	3.8235	7.6479	489.538
300387.XSHE	2021-01-27	33.6609	1.8222	3.764	6.446000000000001
300388.XSHE	2021-01-27	16.8915	1.5378	1.4114	-20.8304
300389.XSHE	2021-01-27	-191.0257	2.154	1.5447	-13.2877
300390.XSHE	2021-01-27	71.123	15.8064	13.4024	75.3181
300391.XSHE	2021-01-27	-5.9486	5.5	5.2822	-30.9588
300392.XSHE	2021-01-27	143.5164	6.402	2.4554	10.9139
300393.XSHE	2021-01-27	26.6691	1.9608	1.6178	-41.0988
300394.XSHE	2021-01-27	38.1657	7.4426	12.2162	47.386
300395.XSHE	2021-01-27	79.8911	8.5754	21.2145	-26.9331
300396.XSHE	2021-01-27	23.9833	4.1037	6.7173	30.076999999999998
300397.XSHE	2021-01-27	59.4037	5.6381	5.5649	83.0833
300398.XSHE	2021-01-27	33.2789	3.0894	4.579	456.2094
300399.XSHE	2021-01-27	64.0674	5.9764	5.3367	60.9899
300400.XSHE	2021-01-27	24.5977	4.3094	3.6389	193.5444
300401.XSHE	2021-01-27	29.8401	2.7205	12.3589	10.0672
300402.XSHE	2021-01-27	56.2835	4.2126	2.3212	-229.7311
300403.XSHE	2021-01-27	19.227	2.5873	4.1434	97.7336
300404.XSHE	2021-01-27	124.2952	5.6253	9.8193	67.3711
300405.XSHE	2021-01-27	101.1765	2.0772	1.7461	-425.1545
300406.XSHE	2021-01-27	62.1114	3.9514	15.7201	-328.4626
300407.XSHE	2021-01-27	34.0967	1.5321	1.1401	11.6906
300408.XSHE	2021-01-27	61.8938	7.1841	21.4661	98.7006
300409.XSHE	2021-01-27	74.8508	3.0017	2.6818	-33.5773
300410.XSHE	2021-01-27	-2.6310000000000002	2.4529	2.2378	-32.4405
300411.XSHE	2021-01-27	-53.0149	2.2680000000000002	5.3602	44.7292
300412.XSHE	2021-01-27	31.6592	2.7033	2.3432	17.0498
300413.XSHE	2021-01-27	83.53	14.6627	10.9042	463.2135
300414.XSHE	2021-01-27	78.7117	3.5145	8.0022	66.0656
300415.XSHE	2021-01-27	28.8802	4.5535	2.8199	86.8142
300416.XSHE	2021-01-27	42.3532	4.6931	4.1889	51.0492
300417.XSHE	2021-01-27	12.5977	2.9939999999999998	3.6523	-63.0256
300418.XSHE	2021-01-27	6.4254	3.2166	8.9204	20.3504
300419.XSHE	2021-01-27	-75.2936	3.1156	4.1806	49.0627
300420.XSHE	2021-01-27	25.6689	1.7048	3.0697	31.2415
300421.XSHE	2021-01-27	43.8255	1.4952	2.3249	123.7103
300422.XSHE	2021-01-27	17.1918	1.5928	1.1934	27.4595
300423.XSHE	2021-01-27	9.5866	1.5005	1.4237	22.497
300424.XSHE	2021-01-27	93.2009	3.0735	2.4707	19.6228
300425.XSHE	2021-01-27	16.1313	1.5995	2.4031	57.7282
300426.XSHE	2021-01-27	-16.6365	30.4092	5.902	-18.1148
300427.XSHE	2021-01-27	29.0308	3.3423	5.3497	29.5552
300428.XSHE	2021-01-27	26.389	1.806	1.3021	9.587
300429.XSHE	2021-01-27	57.4112	3.5238	7.8022	-120.9203
300430.XSHE	2021-01-27	41.8261	1.1478	2.9172	24.8962
300432.XSHE	2021-01-27	13.8721	3.8407	4.5839	16.5934
300433.XSHE	2021-01-27	36.3937	4.283	4.8795	108.1768
300434.XSHE	2021-01-27	-67.4093	1.0916	3.2362	38.622
300435.XSHE	2021-01-27	26.2336	1.9185	2.237	10.575999999999999
300436.XSHE	2021-01-27	435.591	8.8243	14.0717	-660.1827
300437.XSHE	2021-01-27	23.1766	1.2625	1.3259	-18.9599
300438.XSHE	2021-01-27	247.3945	3.8947	2.9259	115.7325
300439.XSHE	2021-01-27	-13.1864	3.7942	2.4294	-45.9429
300440.XSHE	2021-01-27	24.3712	2.3845	4.5174	-75.65899999999999
300441.XSHE	2021-01-27	-111.5766	4.4604	3.5812	-76.5701
300442.XSHE	2021-01-27	-49.1562	4.9184	6.2176	-68.8303
300443.XSHE	2021-01-27	28.3705	4.1848	8.4255	366.7399
300444.XSHE	2021-01-27	-4.5409	3.4505	2.1514	-21.7963
300445.XSHE	2021-01-27	37.6659	2.8757	9.2348	8.2643
300446.XSHE	2021-01-27	207.7316	2.2913	10.0468	217.6803
300447.XSHE	2021-01-27	25.8576	3.0884	5.3924	-809.65
300448.XSHE	2021-01-27	36.0524	3.2987	6.6605	-27.1365
300449.XSHE	2021-01-27	-6.5223	3.5935	7.2991	-1208.5872
300450.XSHE	2021-01-27	110.9289	19.0572	15.2043	96.7367
300451.XSHE	2021-01-27	50.3581	3.7158	9.0219	12.0398
300452.XSHE	2021-01-27	30.6243	4.9510000000000005	5.3909	-179.3594
300453.XSHE	2021-01-27	39.1491	5.541	4.4065	136.3302
300454.XSHE	2021-01-27	233.8682	22.3956	23.9034	-864.0913
300455.XSHE	2021-01-27	52.0436	5.1811	7.5295	31.1099
300456.XSHE	2021-01-27	102.0211	5.0729	19.5364	-80.9405
300457.XSHE	2021-01-27	69.3954	2.6811	7.0156	10.3057
300458.XSHE	2021-01-27	63.2451	4.3887	6.8286	-45.8672
300459.XSHE	2021-01-27	-4.872	3.1286	10.934000000000001	-17.7878
300460.XSHE	2021-01-27	-25.5918	6.0241	9.5989	-136683.9062
300461.XSHE	2021-01-27	-36.08	15.4985	8.1016	-55.795
300462.XSHE	2021-01-27	8.5876	2.0728	1.6686	15.9208
300463.XSHE	2021-01-27	39.8812	7.5618	7.932	108.25299999999999
300464.XSHE	2021-01-27	21.8477	2.8976	1.216	-29.6793
300465.XSHE	2021-01-27	32.335	2.9752	2.2458	159.761
300466.XSHE	2021-01-27	-14.1731	3.2371	5.0324	-521.6093
300467.XSHE	2021-01-27	-2.093	3.6799	5.6852	-6.4066
300468.XSHE	2021-01-27	52.4538	4.1936	7.9991	-45.7776
300469.XSHE	2021-01-27	-12.4375	6.4043	3.3552	-55.6011
300470.XSHE	2021-01-27	39.611	5.851	9.7465	1231.2114
300471.XSHE	2021-01-27	-90.3889	2.8193	6.3816	-92.6328
300472.XSHE	2021-01-27	36.2134	1.8241	4.0133	-114.1262
300473.XSHE	2021-01-27	-35.5739	0.8959999999999999	0.5976	-430.4062
300474.XSHE	2021-01-27	119.3278	9.6462	38.9565	-573.3314
300475.XSHE	2021-01-27	103.06200000000001	4.105	19.5959	48.0263
300476.XSHE	2021-01-27	32.8119	4.8113	3.4717	-430.6815
300477.XSHE	2021-01-27	-27.248	2.2029	2.8515	-218.0555
300478.XSHE	2021-01-27	-3.2018	4.4838	2.1194	-41.8709
300479.XSHE	2021-01-27	218.3355	3.2358	4.9455	260.2345
300480.XSHE	2021-01-27	50.2324	4.4627	11.0163	61.8071
300481.XSHE	2021-01-27	32.569	5.8184	6.7366	-146.5868
300482.XSHE	2021-01-27	47.4518	11.6224	11.1549	23.1535
300483.XSHE	2021-01-27	45.5654	1.2428	2.952	-69.9245
300484.XSHE	2021-01-27	-86.2828	4.6936	6.7504	106.0403
300485.XSHE	2021-01-27	40.97	2.2255	5.6098	-43.949
300486.XSHE	2021-01-27	39.3521	2.4684	4.5499	29.2831
300487.XSHE	2021-01-27	52.0971	6.0663	11.4216	165.9691
300488.XSHE	2021-01-27	22.38	2.3298	6.6481	-32.228
300489.XSHE	2021-01-27	-43.586999999999996	9.3283	11.3946	19.0392
300490.XSHE	2021-01-27	114.96799999999999	1.3198	2.0622	89.1085
300491.XSHE	2021-01-27	117.8455	3.0810000000000004	7.6212	-176.4273
300492.XSHE	2021-01-27	997.2094	24.0533	45.218	-140.1718
300493.XSHE	2021-01-27	89.5019	4.1219	2.3255	9.9434
300494.XSHE	2021-01-27	44.4546	3.0897	3.6579	13.3065
300495.XSHE	2021-01-27	29.412	0.8781	2.1797	-17.5438
300496.XSHE	2021-01-27	169.8321	16.4067	27.1707	37.2898
300497.XSHE	2021-01-27	18.6937	2.4026	4.7904	-127.7888
300498.XSHE	2021-01-27	7.1744	2.4726	1.4407	70.5464
300499.XSHE	2021-01-27	41.2217	3.2658	2.3922	86.0897
300500.XSHE	2021-01-27	15.6999	1.3271	1.2579	15.2104
300501.XSHE	2021-01-27	28.084	3.1758	3.7368	101.0153
300502.XSHE	2021-01-27	46.4218	5.975	10.6916	-95.4166
300503.XSHE	2021-01-27	-37.2587	3.0008	3.8623	-122.5844
300504.XSHE	2021-01-27	47.5152	2.3148	2.3467	-143.92
300505.XSHE	2021-01-27	30.5659	2.1694	1.8796	-9.6708
300506.XSHE	2021-01-27	-17.5747	1.6637	5.4621	-24.201999999999998
300507.XSHE	2021-01-27	33.2449	3.0605	4.1265	43.3392
300508.XSHE	2021-01-27	37.1954	3.3573	9.3523	-91.6837
300509.XSHE	2021-01-27	48.2989	2.9853	2.5352	11.2807
300510.XSHE	2021-01-27	-2.9634	1.3358	4.6607	-273.20599999999996
300511.XSHE	2021-01-27	14.5041	2.4754	2.1482	9.1859
300512.XSHE	2021-01-27	54.1958	1.9658	3.7313	-37.3005
300513.XSHE	2021-01-27	25.5571	1.3287	2.4524	37.618
300514.XSHE	2021-01-27	46.0239	3.3810000000000002	2.5296	-173.1932
300515.XSHE	2021-01-27	32.9099	3.3529	5.8904	-324.2529
300516.XSHE	2021-01-27	91.7004	4.6477	10.4459	91.0497
300517.XSHE	2021-01-27	75.949	2.437	2.6754	326.9363
300518.XSHE	2021-01-27	-24.1097	4.5645	19.3257	-304.4067
300519.XSHE	2021-01-27	22.4443	2.7906	7.7111	24.1959
300520.XSHE	2021-01-27	37.4674	3.1710000000000003	2.9654	9.71
300521.XSHE	2021-01-27	-180.4195	4.9365	19.0971	93.4621
300522.XSHE	2021-01-27	51.8536	5.9364	10.5543	48.3447
300523.XSHE	2021-01-27	61.1196	4.3578	4.0583	188.8879
300525.XSHE	2021-01-27	63.6756	5.6132	6.8039	244.6587
300526.XSHE	2021-01-27	-176.7836	29.5288	42.3296	-3104.3623
300527.XSHE	2021-01-27	160.2926	3.428	5.0885	-1599.326
300528.XSHE	2021-01-27	-9.1925	1.9637	2.2418	-366.1735
300529.XSHE	2021-01-27	83.5648	25.5386	36.7183	88.0571
300530.XSHE	2021-01-27	-1731.2508	8.7109	22.8875	18.622
300531.XSHE	2021-01-27	49.1714	3.2595	4.955	49.07
300532.XSHE	2021-01-27	37.2836	3.0738	3.7385	7.279
300533.XSHE	2021-01-27	22.3314	2.1866	9.0794	100.4243
300534.XSHE	2021-01-27	-279.518	2.122	6.1863	23.8781
300535.XSHE	2021-01-27	28.9531	1.6481	3.1102	105.3415
300536.XSHE	2021-01-27	382.1494	6.5876	14.2328	-1788.3214
300537.XSHE	2021-01-27	233.3989	1.96	3.6155	-92.3659
300538.XSHE	2021-01-27	93.2238	6.4044	1.2843	59.7937
300539.XSHE	2021-01-27	132.81	3.0610000000000004	2.6269	-93.4621
300540.XSHE	2021-01-27	538.4976	3.8147	5.443	-296.4763
300541.XSHE	2021-01-27	32.5028	4.0595	1.399	53.692
300542.XSHE	2021-01-27	64.8921	5.7971	3.2205	-58.1299
300543.XSHE	2021-01-27	25.9081	3.6087	2.0258	42.7859
300545.XSHE	2021-01-27	46.2376	4.4515	4.4318	695.6424
300546.XSHE	2021-01-27	63.4062	2.0637	3.6903	-65.0546
300547.XSHE	2021-01-27	18.8633	2.289	3.0187	90.8061
300548.XSHE	2021-01-27	89.2618	7.5024	7.2423	-76.9618
300549.XSHE	2021-01-27	167.2089	5.2021	9.038	-121.2477
300550.XSHE	2021-01-27	106.0478	2.872	7.5954	7.765
300551.XSHE	2021-01-27	684.6101	10.0844	15.0157	-175.1365
300552.XSHE	2021-01-27	7.4053	4.5279	2.6477	71.3863
300553.XSHE	2021-01-27	91.48899999999999	3.7151	7.8447	-42.5764
300554.XSHE	2021-01-27	74.5599	3.0385	6.2421	-15.4959
300555.XSHE	2021-01-27	430.5906	2.4432	6.831	-3885.1814
300556.XSHE	2021-01-27	35.4631	3.6083	2.0185	119.5338
300557.XSHE	2021-01-27	46.0003	2.75	4.0833	-166.1606
300558.XSHE	2021-01-27	100.7664	13.8066	30.2657	172.9965
300559.XSHE	2021-01-27	23.8667	4.9544	8.8155	39.4797
300560.XSHE	2021-01-27	44.82899999999999	2.9292	3.2177	160.7869
300561.XSHE	2021-01-27	209.1345	5.8894	21.339000000000002	-59.6653
300562.XSHE	2021-01-27	58.3291	5.5214	3.1008	24.4612
300563.XSHE	2021-01-27	34.5239	2.5917	3.8906	8.4745
300564.XSHE	2021-01-27	19.1823	2.2385	2.8271	20.899
300565.XSHE	2021-01-27	-87.4777	3.9533	4.3919	-1059.8098
300566.XSHE	2021-01-27	51.2978	7.1016	4.0816	64.1514
300567.XSHE	2021-01-27	80.3129	10.4036	9.2359	59.3295
300568.XSHE	2021-01-27	278.0798	4.1194	17.2612	-37.1745
300569.XSHE	2021-01-27	14.9633	2.5429	1.8869999999999998	23.846
300570.XSHE	2021-01-27	45.7662	2.7241	6.7877	-9.5386
300571.XSHE	2021-01-27	30.6041	5.0889	2.4153	-21.2381
300572.XSHE	2021-01-27	38.8635	7.3196	7.1454	96.5856
300573.XSHE	2021-01-27	133.2345	13.0996	13.5242	628.2975
300575.XSHE	2021-01-27	26.3266	3.3566	2.6331	54.6898
300576.XSHE	2021-01-27	117.2534	12.4623	12.2033	-823.1560000000001
300577.XSHE	2021-01-27	62.2084	3.6615	2.4675	15.5533
300578.XSHE	2021-01-27	55.7197	5.965	10.7409	-182.8471
300579.XSHE	2021-01-27	94.1105	10.2813	8.6333	61.7131
300580.XSHE	2021-01-27	21.3287	2.3117	4.0934	-573.6992
300581.XSHE	2021-01-27	153.5298	9.915	30.7793	-114.9843
300582.XSHE	2021-01-27	31.250999999999998	3.228	3.6952	122.2015
300583.XSHE	2021-01-27	-27.1966	1.1808	2.3179	96.185
300584.XSHE	2021-01-27	33.1627	3.3604	2.8679	-1509.7217
300585.XSHE	2021-01-27	50.1322	3.6877	4.5923	240.9332
300586.XSHE	2021-01-27	54.2648	5.2737	2.6449	131.3573
300587.XSHE	2021-01-27	25.7796	3.7451	4.0881	149.4218
300588.XSHE	2021-01-27	-48.0542	3.4418	4.9072	-32.4234
300589.XSHE	2021-01-27	153.5072	13.732999999999999	9.5448	-133.9261
300590.XSHE	2021-01-27	50.0781	6.0042	12.555	147.5809
300591.XSHE	2021-01-27	-35.247	4.0918	3.9888	-22.046
300592.XSHE	2021-01-27	-75.7074	4.1052	7.4725	62.9902
300593.XSHE	2021-01-27	77.4563	8.5215	8.026	-202.1191
300594.XSHE	2021-01-27	23.9675	2.3043	3.6601	-7.7147
300595.XSHE	2021-01-27	192.7856	42.0695	89.0626	1400.9185
300596.XSHE	2021-01-27	28.6978	3.5386	3.2274	-48.2756
300597.XSHE	2021-01-27	55.5523	2.6851	4.1219	-61.2003
300598.XSHE	2021-01-27	58.3282	12.5284	11.1017	134.2507
300599.XSHE	2021-01-27	20.8062	2.6552	2.2557	-898.9896
300600.XSHE	2021-01-27	99.665	5.0519	11.3896	-115.2513
300601.XSHE	2021-01-27	192.4623	16.0261	56.3864	101.3014
300602.XSHE	2021-01-27	30.4601	3.9412	3.0136	13.9116
300603.XSHE	2021-01-27	112.7642	1.8161	2.8557	58.6342
300604.XSHE	2021-01-27	284.1126	12.5895	18.7846	107.5906
300605.XSHE	2021-01-27	28.4366	3.0869999999999997	3.4209	279.697
300606.XSHE	2021-01-27	22.1936	3.1839999999999997	4.0077	14.7024
300607.XSHE	2021-01-27	19.882	5.1629	4.2899	20.4325
300608.XSHE	2021-01-27	27.4267	2.3518	2.4116	11.8527
300609.XSHE	2021-01-27	609.5395	1.5535	6.7341	-1183.7635
300610.XSHE	2021-01-27	18.3454	2.4528	2.7544	-29.9322
300611.XSHE	2021-01-27	60.346000000000004	2.4304	2.4785	-28.9769
300612.XSHE	2021-01-27	552.0223	6.9784	5.2381	116.3448
300613.XSHE	2021-01-27	248.8621	9.7186	21.5133	94.5145
300615.XSHE	2021-01-27	189.275	4.3026	9.3098	-81.1021
300616.XSHE	2021-01-27	66.1113	4.8671	2.5193	-48.8681
300617.XSHE	2021-01-27	42.9738	6.1529	10.7582	79.3684
300618.XSHE	2021-01-27	158.9295	9.363999999999999	15.7077	436.5476
300619.XSHE	2021-01-27	232.0347	2.8427	2.7367	21.3393
300620.XSHE	2021-01-27	81.179	3.0741	9.3211	-54.5941
300621.XSHE	2021-01-27	61.9599	1.8176	0.8686	-13.5424
300622.XSHE	2021-01-27	58.2627	4.9036	4.5213	43.0448
300623.XSHE	2021-01-27	86.3172	8.7609	23.7624	41.7364
300624.XSHE	2021-01-27	56.1539	8.522	7.93	-399.9857
300625.XSHE	2021-01-27	16.4236	1.7747	1.8147	18.0691
300626.XSHE	2021-01-27	81.693	2.6548	2.0345	81.9758
300627.XSHE	2021-01-27	43.6422	7.444	6.0375	435.0994
300628.XSHE	2021-01-27	57.9797	14.9952	28.1633	-244.5852
300629.XSHE	2021-01-27	116.8084	3.4218	9.4199	56.0874
300630.XSHE	2021-01-27	52.9063	10.2685	17.8957	51.5738
300631.XSHE	2021-01-27	32.0218	2.5627	3.6528	-9.6244
300632.XSHE	2021-01-27	27.5827	2.0681	4.1842	4.2872
300633.XSHE	2021-01-27	131.30700000000002	5.9155	7.2396	23.6608
300634.XSHE	2021-01-27	51.0856	4.7555	8.7495	243.6748
300635.XSHE	2021-01-27	55.181000000000004	4.0867	4.9957	-288.9372
300636.XSHE	2021-01-27	41.1145	3.5808	6.8147	83.2063
300637.XSHE	2021-01-27	64.0942	2.2769	4.0194	-76.5352
300638.XSHE	2021-01-27	53.8689	9.8122	5.766	38.0334
300639.XSHE	2021-01-27	30.923000000000002	4.1559	8.6475	8.7032
300640.XSHE	2021-01-27	36.8251	4.2885	2.5642	-37.5957
300641.XSHE	2021-01-27	97.8588	2.1973	2.2488	481.85900000000004
300642.XSHE	2021-01-27	50.3025	3.9597	11.0582	150.1971
300643.XSHE	2021-01-27	110.9895	4.8516	2.7088	-37.3876
300644.XSHE	2021-01-27	36.4602	3.2238	2.2077	-1107.8011
300645.XSHE	2021-01-27	50.0094	3.0489	2.3164	24.8105
300647.XSHE	2021-01-27	570.0056	5.3087	5.9732	233.072
300648.XSHE	2021-01-27	115.9755	5.9229	11.479000000000001	64.2637
300649.XSHE	2021-01-27	27.4401	3.8139	2.1858	-67.8829
300650.XSHE	2021-01-27	120.4639	3.5224	4.4368	-109.0742
300651.XSHE	2021-01-27	135.3645	8.8416	12.3661	-339.3955
300652.XSHE	2021-01-27	29.0978	2.0281	3.6775	-25.7231
300653.XSHE	2021-01-27	51.1275	10.1013	21.358	44.7221
300654.XSHE	2021-01-27	38.4846	3.1506	4.2479	-532.4234
300655.XSHE	2021-01-27	79.6374	4.4764	6.3865	-500.8011
300656.XSHE	2021-01-27	64.7313	5.1587	7.4929	29.1531
300657.XSHE	2021-01-27	49.693000000000005	3.6461	2.1921	-12.4404
300658.XSHE	2021-01-27	11.4415	3.4178	2.4881	32.6578
300659.XSHE	2021-01-27	71.2948	7.2211	13.7455	30.0388
300660.XSHE	2021-01-27	18.545	1.9435	2.1662	11.1924
300661.XSHE	2021-01-27	208.7603	40.3125	48.997	108.9124
300662.XSHE	2021-01-27	51.3161	8.8085	2.3680000000000003	76.5245
300663.XSHE	2021-01-27	69.6335	6.0947	5.9434	-83.2517
300664.XSHE	2021-01-27	13.4304	1.4932	2.272	57.7339
300665.XSHE	2021-01-27	47.3885	2.5625	2.2332	12.6558
300666.XSHE	2021-01-27	78.0237	10.620999999999999	10.031	-581.2067
300667.XSHE	2021-01-27	123.48299999999999	4.8287	6.5392	24.5382
300668.XSHE	2021-01-27	37.3026	2.8214	3.912	79.7355
300669.XSHE	2021-01-27	72.67399999999999	7.1393	11.0115	70.702
300670.XSHE	2021-01-27	54.04	2.8851	5.3207	-667.4337
300671.XSHE	2021-01-27	87.1484	6.4637	9.2901	36.4338
300672.XSHE	2021-01-27	108.1245	6.4864	11.958	-88.22399999999999
300673.XSHE	2021-01-27	56.4501	3.5648	4.4905	16.5422
300674.XSHE	2021-01-27	38.1417	5.5397	4.4853	35.1722
300675.XSHE	2021-01-27	28.905	4.6718	4.1359	34.1611
300676.XSHE	2021-01-27	23.4094	9.4038	8.4859	19.2294
300677.XSHE	2021-01-27	21.6542	14.6673	10.0839	30.153000000000002
300678.XSHE	2021-01-27	93.2042	5.7935	9.0552	41.6223
300679.XSHE	2021-01-27	38.6708	2.5609	3.5358	26.4302
300680.XSHE	2021-01-27	99.993	5.0164	7.946000000000001	19.4791
300681.XSHE	2021-01-27	-84.5921	3.9972	6.6229	79.266
300682.XSHE	2021-01-27	22.518	3.0174	4.6193	-496.3177
300683.XSHE	2021-01-27	-246.673	2.2335	7.7335	808.801
300684.XSHE	2021-01-27	32.6746	3.6465	5.7162	20.6435
300685.XSHE	2021-01-27	115.8789	16.737000000000002	27.2348	97.9056
300686.XSHE	2021-01-27	37.4709	2.4302	2.3459	39.9572
300687.XSHE	2021-01-27	50.8225	6.6632	4.949	30.545
300688.XSHE	2021-01-27	379.7028	4.6648	10.06	38.5217
300689.XSHE	2021-01-27	61.5539	4.1559	6.8968	39.2066
300690.XSHE	2021-01-27	15.9666	4.0629	3.7438	54.1849
300691.XSHE	2021-01-27	54.3165	2.9219999999999997	2.292	-44.4622
300692.XSHE	2021-01-27	25.2429	2.0951	3.8331	-383.6516
300693.XSHE	2021-01-27	44.8789	5.6399	5.7252	561.1793
300694.XSHE	2021-01-27	30.7235	1.6316	1.855	-45.2831
300695.XSHE	2021-01-27	18.6921	2.1124	7.2133	4.6638
300696.XSHE	2021-01-27	75.2643	10.0397	33.7304	-1216.8524
300697.XSHE	2021-01-27	27.6426	3.1865	1.777	-20.576999999999998
300698.XSHE	2021-01-27	-177.405	5.2653	4.21	75.5132
300699.XSHE	2021-01-27	79.6446	13.6462	23.8623	-114.455
300700.XSHE	2021-01-27	-53.1673	2.7813	5.4045	-19.7096
300701.XSHE	2021-01-27	23.8795	5.3604	10.7429	35.9091
300702.XSHE	2021-01-27	21.7985	4.5473	6.193	-139.7177
300703.XSHE	2021-01-27	23.9935	2.346	1.6209	18.4618
300705.XSHE	2021-01-27	85.9041	7.691	6.7495	246.8588
300706.XSHE	2021-01-27	825.2851	6.9201	9.9165	94.4543
300707.XSHE	2021-01-27	47.1797	3.1288	4.0046	-160.0235
300708.XSHE	2021-01-27	537.4772	7.3679	4.0997	269.9578
300709.XSHE	2021-01-27	33.8928	3.5069	3.3907	111.3116
300710.XSHE	2021-01-27	-551.0557	3.216	4.1029	-331.0153
300711.XSHE	2021-01-27	77.0725	5.1803	10.4464	32.4279
300712.XSHE	2021-01-27	82.5964	4.8701	3.8639	25.7167
300713.XSHE	2021-01-27	-144.4535	3.884	10.2805	-54.8162
300715.XSHE	2021-01-27	26.0762	5.0571	3.4718	-656.6986
300716.XSHE	2021-01-27	-5.9202	1.7167	0.4248	516.9789
300717.XSHE	2021-01-27	40.3934	2.7211	5.9503	51.2246
300718.XSHE	2021-01-27	25.322	2.8766	5.9999	-164.46
300719.XSHE	2021-01-27	54.5858	3.9735	6.8781	-53.3058
300720.XSHE	2021-01-27	38.2679	4.7464	12.2121	41.7017
300721.XSHE	2021-01-27	-345.1633	2.7498	2.7776	48.3168
300722.XSHE	2021-01-27	162.2481	15.0849	28.8497	173.9248
300723.XSHE	2021-01-27	41.9583	4.9448	4.4128	181.7058
300724.XSHE	2021-01-27	90.6265	15.0741	11.7029	179.5193
300725.XSHE	2021-01-27	148.7373	14.3943	28.5051	98.1093
300726.XSHE	2021-01-27	78.6453	15.5489	26.554000000000002	-399.3698
300727.XSHE	2021-01-27	81.4491	6.8435	6.2265	-105.1363
300729.XSHE	2021-01-27	26.9354	5.2564	3.3564	-86.1377
300730.XSHE	2021-01-27	88.2939	5.6411	6.195	-195.5426
300731.XSHE	2021-01-27	105.4614	4.9846	10.2233	-29.1018
300732.XSHE	2021-01-27	10.4958	1.2748	1.6349	12.3287
300733.XSHE	2021-01-27	200.1554	2.6206	5.7425	-277.4151
300735.XSHE	2021-01-27	24.7566	2.4286	4.2575	32.1912
300736.XSHE	2021-01-27	-9.7356	3.8169999999999997	1.8957	450.9378
300737.XSHE	2021-01-27	23.539	4.1319	2.7794	120.8703
300738.XSHE	2021-01-27	53.7593	6.193	10.5789	-134.563
300739.XSHE	2021-01-27	33.5753	3.4266	3.7307	152.8268
300740.XSHE	2021-01-27	94.2802	6.7177	2.7299	37.2121
300741.XSHE	2021-01-27	25.533	4.2282	14.6468	51.2244
300742.XSHE	2021-01-27	-2.479	5.2576	4.471	-52.1893
300743.XSHE	2021-01-27	78.9968	3.4784	3.3145	92.6209
300745.XSHE	2021-01-27	-15.5867	2.0451	4.9768	49.5644
300746.XSHE	2021-01-27	22.7758	1.9401	1.2863	238.2175
300747.XSHE	2021-01-27	122.7604	11.2741	13.6365	66.9863
300748.XSHE	2021-01-27	79.4194	8.6909	7.5242	63.5379
300749.XSHE	2021-01-27	46.4209	2.094	1.8548	-63.1417
300750.XSHE	2021-01-27	204.2963	14.8266	20.4636	24.2449
300751.XSHE	2021-01-27	100.3332	15.4496	16.7204	-130.9812
300752.XSHE	2021-01-27	75.9521	5.2726	2.2782	-54.4396
300753.XSHE	2021-01-27	30.9328	3.762	7.2548	14.3082
300755.XSHE	2021-01-27	30.604	3.8646	2.3378	-91.9762
300756.XSHE	2021-01-27	45.5338	1.9183	4.8585	66.1763
300757.XSHE	2021-01-27	82.5707	5.3423	6.4302	6148.1084
300758.XSHE	2021-01-27	31.1445	3.7054	5.0104	-33.8513
300759.XSHE	2021-01-27	121.06700000000001	14.4151	25.8697	70.738
300760.XSHE	2021-01-27	86.7421	25.0702	27.3108	228.3528
300761.XSHE	2021-01-27	17.3366	2.16	1.6578	85.8379
300762.XSHE	2021-01-27	83.7304	8.1965	17.8034	55.7324
300763.XSHE	2021-01-27	111.6051	17.6599	17.1794	-127.1526
300765.XSHE	2021-01-27	22.6915	2.7302	5.4126	36.7259
300766.XSHE	2021-01-27	83.1005	3.7514	12.0272	16.3389
300767.XSHE	2021-01-27	85.5902	12.9092	25.6141	283.3316
300768.XSHE	2021-01-27	61.6642	8.5473	18.908	210.3301
300769.XSHE	2021-01-27	559.0028	6.5511	15.7123	-72.2165
300770.XSHE	2021-01-27	25.9344	5.8938	12.6655	-27.8709
300771.XSHE	2021-01-27	15.767999999999999	2.3889	4.0064	8.4413
300772.XSHE	2021-01-27	38.0868	3.517	0.5848	12.8736
300773.XSHE	2021-01-27	25.5253	4.8301	4.3937	-27.458000000000002
300775.XSHE	2021-01-27	89.5123	9.0789	27.9212	50.9742
300776.XSHE	2021-01-27	45.9781	9.2126	17.3345	62.6672
300777.XSHE	2021-01-27	111.1662	19.8746	64.2112	5017.9053
300778.XSHE	2021-01-27	23.9009	2.4813	5.9923	-36.9259
300779.XSHE	2021-01-27	65.2056	2.5371	4.9663	-35.4023
300780.XSHE	2021-01-27	29.7186	2.1193	4.7257	36.459
300781.XSHE	2021-01-27	78.4011	4.4752	9.3207	11.5199
300782.XSHE	2021-01-27	131.5673	50.7675	46.9444	1802.8024
300783.XSHE	2021-01-27	89.7751	9.039	1.7413	-291.9448
300785.XSHE	2021-01-27	58.1192	5.2569	10.3176	23.5833
300786.XSHE	2021-01-27	23.1768	2.2093	4.9705	-17.7301
300787.XSHE	2021-01-27	34.4195	3.9044	3.2708	93.85
300788.XSHE	2021-01-27	28.6775	4.0741	4.0757	58.4055
300789.XSHE	2021-01-27	28.655	2.7195	7.2423	-5.692
300790.XSHE	2021-01-27	34.8774	3.1252	2.9010000000000002	-8.8411
300791.XSHE	2021-01-27	63.3907	6.282	7.11	-20.804000000000002
300792.XSHE	2021-01-27	61.0595	12.8063	11.7851	705.0716
300793.XSHE	2021-01-27	56.1417	3.7167	1.9451	43.9263
300795.XSHE	2021-01-27	-145.6309	3.5873	7.0451	6.8652
300796.XSHE	2021-01-27	74.2766	2.0048	5.4259	9.1472
300797.XSHE	2021-01-27	64.2256	5.0665	7.3836	14.1997
300798.XSHE	2021-01-27	311.8621	3.3145	5.4784	74.2775
300799.XSHE	2021-01-27	51.7309	7.5655	24.4111	20.8339
300800.XSHE	2021-01-27	17.4979	2.3522	5.7418	41.5803
300801.XSHE	2021-01-27	20.5548	2.3364	2.8862	9.0826
300802.XSHE	2021-01-27	59.8562	5.2813	11.4412	11.6403
300803.XSHE	2021-01-27	167.6306	11.6985	19.9652	481.1909
300805.XSHE	2021-01-27	43.2915	4.4458	2.1628	14.1471
300806.XSHE	2021-01-27	45.6465	5.6715	4.5467	37.8939
300807.XSHE	2021-01-27	63.2976	3.2088	5.9247	229.0965
300808.XSHE	2021-01-27	49.4778	2.1456	3.1523	231.8582
300809.XSHE	2021-01-27	77.5098	1.8285	12.3308	166.0735
300810.XSHE	2021-01-27	159.0587	2.7553	17.9055	-55.1574
300811.XSHE	2021-01-27	38.3427	4.502	8.3949	38.523
300812.XSHE	2021-01-27	37.4758	3.6652	6.5264	8.353
300813.XSHE	2021-01-27	59.9696	5.8394	13.0624	38.412
300815.XSHE	2021-01-27	18.3789	4.5013	2.6868	8.3936
300816.XSHE	2021-01-27	55.3783	8.4741	10.3418	85.1992
300817.XSHE	2021-01-27	35.9371	2.9206	4.374	90.3525
300818.XSHE	2021-01-27	46.8821	2.1481	5.5604	6.3258
300819.XSHE	2021-01-27	99.5963	3.6151	7.4968	-103.6433
300820.XSHE	2021-01-27	42.5105	3.7616	9.8761	-70.3048
300821.XSHE	2021-01-27	63.4596	3.3606	5.5345	14.7589
300822.XSHE	2021-01-27	26.9638	3.9896	5.4889	47.0752
300823.XSHE	2021-01-27	30.7353	2.7355	5.4517	10.0435
300824.XSHE	2021-01-27	54.786	7.9213	8.0571	82.6536
300825.XSHE	2021-01-27	72.436	5.2784	10.9849	88.51799999999999
300826.XSHE	2021-01-27	27.4707	2.2174	4.4551	31.1862
300827.XSHE	2021-01-27	63.6691	6.8131	5.8828	90.5689
300828.XSHE	2021-01-27	42.6937	3.7715	7.5422	111.5882
300829.XSHE	2021-01-27	104.3034	10.0696	13.5014	766.1160000000001
300830.XSHE	2021-01-27	50.3599	4.4291	9.4308	184.4953
300831.XSHE	2021-01-27	84.3345	6.9006	27.6532	18.329
300832.XSHE	2021-01-27	61.099	12.3767	26.9439	-64.9335
300833.XSHE	2021-01-27	30.3146	1.9728	6.7594	3.1497
300835.XSHE	2021-01-27	57.2207	4.0821	6.5664	30.1917
300836.XSHE	2021-01-27	37.1311	3.4731	5.4913	11.3738
300837.XSHE	2021-01-27	34.8573	4.473	9.5618	11.1289
300838.XSHE	2021-01-27	36.8684	3.1051	5.4009	9.229
300839.XSHE	2021-01-27	33.9297	2.7522	2.8007	317.5502
300840.XSHE	2021-01-27	48.8449	3.7356	5.5211	61.9053
300841.XSHE	2021-01-27	68.4761	14.1516	26.901999999999997	31.7841
300842.XSHE	2021-01-27	57.7572	7.3574	4.6214	28.7185
300843.XSHE	2021-01-27	44.2272	4.97	5.0071	18.3858
300845.XSHE	2021-01-27	30.2049	3.508	8.4891	6.712999999999999
300846.XSHE	2021-01-27	212.8543	15.2418	12.1777	-105.6633
300847.XSHE	2021-01-27	50.6271	4.0711	5.1426	11.6877
300848.XSHE	2021-01-27	36.8229	4.4902	4.6944	-396.3009
300849.XSHE	2021-01-27	42.6762	3.0378	7.3026	-298.5616
300850.XSHE	2021-01-27	62.4832	14.0177	12.3264	181.2302
300851.XSHE	2021-01-27	24.4524	2.6787	8.3943	44.6631
300852.XSHE	2021-01-27	38.8072	5.3411	7.3516	185.7341
300853.XSHE	2021-01-27	32.0074	4.0228	8.5314	23.0437
300855.XSHE	2021-01-27	77.4247	8.0223	15.2711	38.714
300856.XSHE	2021-01-27	34.0827	4.0707	5.4614	45.9509
300857.XSHE	2021-01-27	49.7386	5.1808	2.9239	14.3374
300858.XSHE	2021-01-27	49.8326	5.4077	14.7243	37.8469
300859.XSHE	2021-01-27	-60.5425	4.3888	44.1342	28.2075
300860.XSHE	2021-01-27	29.7346	2.6986	7.7181	6.1887
300861.XSHE	2021-01-27	57.778	7.1461	20.804000000000002	-72.3537
300862.XSHE	2021-01-27	34.2683	3.0278	6.5027	42.1949
300863.XSHE	2021-01-27	110.3814	11.1892	5.933	43.0281
300864.XSHE	2021-01-27	31.914	4.0719	9.0717	5.6911
300865.XSHE	2021-01-27	48.0689	4.0987	6.3383	6.2619
300866.XSHE	2021-01-27	98.8282	15.4664	9.6442	731.6545
300867.XSHE	2021-01-27	28.2258	3.0979	8.2649	7.9251
300868.XSHE	2021-01-27	42.8979	2.6519	5.6453	189.0158
300869.XSHE	2021-01-27	80.1643	29.9294	35.1822	49.9421
300870.XSHE	2021-01-27	37.5474	4.3459	3.4387	6.8944
300871.XSHE	2021-01-27	36.1695	3.5396	7.1811	5.672000000000001
300872.XSHE	2021-01-27	56.1543	3.7356	6.3796	11.7826
300873.XSHE	2021-01-27	30.4106	3.2168	5.4506	18.542
300875.XSHE	2021-01-27	59.9466	4.8248	24.6321	14.5303
300876.XSHE	2021-01-27	48.4407	5.2423	10.0564	8.8191
300877.XSHE	2021-01-27	24.7192	3.6899	5.5064	5.8075
300878.XSHE	2021-01-27	28.6364	2.8271	5.7181	5.1989
300879.XSHE	2021-01-27	56.191	5.8209	4.6474	11.7702
300880.XSHE	2021-01-27	51.7299	7.5597	8.5475	11.4325
300881.XSHE	2021-01-27	49.6675	4.1947	3.4385	25.7131
300882.XSHE	2021-01-27	42.4594	4.9299	6.9833	18.8134
300883.XSHE	2021-01-27	67.0367	3.8066	6.7903	10.4849
300884.XSHE	2021-01-27	28.921999999999997	4.0928	6.5542	160.1533
300885.XSHE	2021-01-27	48.8262	4.0266	14.2179	6.8235
300886.XSHE	2021-01-27	58.9069	5.7009	13.3132	14.1345
300887.XSHE	2021-01-27	45.6885	3.8157	4.7509	8.1875
300888.XSHE	2021-01-27	25.2514	8.5079	7.571000000000001	11.7076
300889.XSHE	2021-01-27	43.4165	3.0244	5.1821	4.3106
300890.XSHE	2021-01-27	96.1264	5.0297	9.6202	15.5692
300891.XSHE	2021-01-27	92.8809	6.2357	7.8085	20.2069
300892.XSHE	2021-01-27	44.4414	6.1727	4.2448	8.5754
300893.XSHE	2021-01-27	39.3147	5.0111	6.9113	10.8792
300894.XSHE	2021-01-27	98.9748	20.3893	16.6904	89.025
300895.XSHE	2021-01-27	79.7329	4.1305	14.3919	14.5537
300896.XSHE	2021-01-27	252.4809	21.6311	151.3679	27.8483
300897.XSHE	2021-01-27	36.0795	3.3930000000000002	7.5595	4.9138
300898.XSHE	2021-01-27	95.5934	8.5232	9.785	-211.4536
300899.XSHE	2021-01-27	49.8306	4.6201	12.475999999999999	7.8138
300900.XSHE	2021-01-27	97.1821	5.5974	25.7809	-14080.4268
300901.XSHE	2021-01-27	44.556999999999995	5.0426	8.0462	45.5804
300902.XSHE	2021-01-27	53.2692	5.1293	14.1825	1382.1053
300903.XSHE	2021-01-27	68.2707	5.7355	4.4229	32.1486
300905.XSHE	2021-01-27	38.0556	3.1969	5.8106	322.7439
300906.XSHE	2021-01-27	64.6311	5.2429	26.7854	703.1011
300907.XSHE	2021-01-27	57.9315	4.4425	5.274	-48.7249
300908.XSHE	2021-01-27	60.5331	5.3315	10.7302	83.6805
300909.XSHE	2021-01-27	46.0634	4.6034	9.0429	1843.3521
300910.XSHE	2021-01-27	68.5513	5.5062	13.8409	100.1309
300911.XSHE	2021-01-27	36.4105	5.1507	7.3892	33.3047
300912.XSHE	2021-01-27	48.912	3.2119999999999997	3.3339999999999996	89.4599
300913.XSHE	2021-01-27	46.5568	4.4848	2.9817	88.5228
300915.XSHE	2021-01-27	54.1219	3.5653	8.1106	44.2164
300916.XSHE	2021-01-27	50.8904	5.1302	5.9138	73.5047
300917.XSHE	2021-01-27	40.0526	4.7664	3.5252	32.1812
300918.XSHE	2021-01-27	43.007	2.8474	2.9955	22.2589
300919.XSHE	2021-01-27	156.4784	14.2595	7.8652	121.9682
300920.XSHE	2021-01-27	34.8469	3.9545	10.7201	36.4651
300921.XSHE	2021-01-27	38.0285	3.7719	5.7938	64.0777
300922.XSHE	2021-01-27	73.7667	5.6544	20.4987	91.46700000000001
300923.XSHE	2021-01-27	38.5586	2.4231	7.2921	1317.4294
300925.XSHE	2021-01-27	65.4291	6.6945	4.2291	188.7989
300926.XSHE	2021-01-27	43.1184	3.9657	5.9473	107.5616
300927.XSHE	2021-01-27	53.9182	5.3058	6.3768	621.0268
300928.XSHE	2021-01-27	52.1453	3.2795	4.5863	-153.0162
300929.XSHE	2021-01-27	37.6537	3.8521	4.3764	38.1717
300930.XSHE	2021-01-27	45.7402	4.6053	8.4659	-1069.8928
300931.XSHE	2021-01-27	49.0035	4.1973	6.4452	40.4745
300932.XSHE	2021-01-27	38.2027	3.552	4.332	-143.3486
300933.XSHE	2021-01-27	62.4813	4.3392	2.7376	-61.3396
300935.XSHE	2021-01-27	123.1151	7.5796	47.9381	55.3629
300936.XSHE	2021-01-27	91.4728	4.8622	24.1816	-258.2502
300937.XSHE	2021-01-27	55.3768	5.1226	1.4209	716.5355
300938.XSHE	2021-01-27	58.8153	3.8339999999999996	12.6187	-262.8015
300999.XSHE	2021-01-27	101.20299999999999	8.5729	3.8254	79.918
600000.XSHG	2021-01-27	5.1642	0.5597	1.4795	3.4823
600004.XSHG	2021-01-27	593.998	1.6836	5.8665	-74.8215
600006.XSHG	2021-01-27	23.2746	1.8004	1.0215	8.6885
600007.XSHG	2021-01-27	14.0961	1.5290000000000001	3.7707	18.8337
600008.XSHG	2021-01-27	15.8378	1.3563	1.2072	4.0036
600009.XSHG	2021-01-27	494.2425	4.9559	23.8734	-134.9836
600010.XSHG	2021-01-27	-150.7719	1.0090000000000001	0.8904	-21.0518
600011.XSHG	2021-01-27	12.295	0.8425	0.3971	-30.5455
600012.XSHG	2021-01-27	12.6873	0.8585	3.7804	-11.44
600015.XSHG	2021-01-27	4.5093	0.439	1.0021	-1.5116
600016.XSHG	2021-01-27	4.9331	0.4861	1.1805	27.5348
600017.XSHG	2021-01-27	12.1817	0.6851	1.4685	30.5706
600018.XSHG	2021-01-27	12.6351	1.193	3.9751	38.4529
600019.XSHG	2021-01-27	13.8009	0.8624	0.565	-53.1091
600020.XSHG	2021-01-27	27.2122	0.688	1.3994	-11.755
600021.XSHG	2021-01-27	14.3577	1.08	0.75	31.8956
600022.XSHG	2021-01-27	21.6521	0.6975	0.1788	56.6982
600023.XSHG	2021-01-27	8.2659	0.7356	0.9408	25.4726
600025.XSHG	2021-01-27	15.8278	1.6458	4.1413	84.2965
600026.XSHG	2021-01-27	10.552	0.929	2.0127	15.75
600027.XSHG	2021-01-27	7.1253	0.6833	0.3583	-16.4594
600028.XSHG	2021-01-27	12.9021	0.6691	0.2133	-276.5969
600029.XSHG	2021-01-27	-9.8804	1.2184	0.8527	5.7093
600030.XSHG	2021-01-27	24.9129	2.0425	6.8287	4.2489
600031.XSHG	2021-01-27	24.9419	6.7364	3.9942	435.3592
600033.XSHG	2021-01-27	17.0637	0.7262	3.013	-16.9884
600035.XSHG	2021-01-27	11.3644	0.6969	1.7295	124.6767
600036.XSHG	2021-01-27	13.4724	1.8119999999999998	4.5143	-13.0665
600037.XSHG	2021-01-27	48.6503	1.0012	4.7253	20.2033
600038.XSHG	2021-01-27	50.986000000000004	4.0345	1.969	-164.0009
600039.XSHG	2021-01-27	8.3723	1.0033	0.368	40.8491
600048.XSHG	2021-01-27	5.949	0.9513	0.7012	29.5839
600050.XSHG	2021-01-27	24.5858	0.912	0.4485	-16.3776
600051.XSHG	2021-01-27	4.1624	0.8592	0.5352	14.7732
600052.XSHG	2021-01-27	69.2286	0.6826	11.8924	57.2779
600053.XSHG	2021-01-27	11.2515	2.8566	4.1162	-32.1252
600054.XSHG	2021-01-27	-152.7256	1.5436	8.1271	767.3529
600055.XSHG	2021-01-27	23.2776	2.3783	4.8599	60.8888
600056.XSHG	2021-01-27	11.9521	1.5041	0.3782	-20.6357
600057.XSHG	2021-01-27	9.7736	1.1	0.0348	175.2326
600058.XSHG	2021-01-27	26.4365	1.7216	0.1108	-9.3753
600059.XSHG	2021-01-27	59.2656	2.4804	7.6678	104.3643
600060.XSHG	2021-01-27	20.227999999999998	1.1722	0.4621	-16.914
600061.XSHG	2021-01-27	13.6054	1.3237	4.2911	3.7972
600062.XSHG	2021-01-27	11.9627	1.319	1.4471	-32.9934
600063.XSHG	2021-01-27	18.0281	1.446	1.3182	-27.1075
600064.XSHG	2021-01-27	5.4918	0.9241	2.9199	-6.854
600066.XSHG	2021-01-27	40.5344	2.0976	1.3433	48.9685
600067.XSHG	2021-01-27	9.0915	0.6227	0.6243	-8.4861
600068.XSHG	2021-01-27	6.3105	0.9324	0.2677	7.8629999999999995
600070.XSHG	2021-01-27	8.9364	1.3499	1.3887	-33.8332
600071.XSHG	2021-01-27	564.8502	8.6505	3.6553	47.4835
600072.XSHG	2021-01-27	98.819	2.3866	3.6742	-18.1618
600073.XSHG	2021-01-27	20.9193	2.0406	0.3704	18.9866
600075.XSHG	2021-01-27	262.753	1.3033	1.9622	7.4906
600076.XSHG	2021-01-27	-25.5052	0.8507	2.9662	-128.504
600077.XSHG	2021-01-27	4.3125	0.7754	0.5502	-5.1225
600078.XSHG	2021-01-27	323.8225	1.3028	0.7155	2.6744
600079.XSHG	2021-01-27	66.9283	3.8360000000000003	2.3113	44.5366
600080.XSHG	2021-01-27	99.8545	1.172	3.0655	219.1068
600081.XSHG	2021-01-27	28.6911	2.7089	0.5962	24.0034
600082.XSHG	2021-01-27	-43.4778	1.0626	3.7015	-53.147
600083.XSHG	2021-01-27	-29.7436	-58.19	122.7867	15.1546
600084.XSHG	2021-01-27	-111.2788	1.2087	17.6419	-65.3916
600085.XSHG	2021-01-27	38.9664	3.4636	2.6783	161.1766
600086.XSHG	2021-01-27	-0.3643	-2.0837	31.1783	-1027.4674
600088.XSHG	2021-01-27	-63.1892	3.7613	5.6384	-37.9762
600089.XSHG	2021-01-27	27.5872	1.649	1.2794	25.2729
600090.XSHG	2021-01-27	-6.676	0.2926	-1.7685	-1.5179
600091.XSHG	2021-01-27	128.8839	0.7319	27.9323	-491.3439
600093.XSHG	2021-01-27	23.2707	1.0334	0.6717	-1055.3417
600094.XSHG	2021-01-27	15.3107	0.7177	0.6147	-7.2808
600095.XSHG	2021-01-27	1275.6046	3.4142	39.7362	-27.6701
600096.XSHG	2021-01-27	107.4705	2.0748	0.251	-6.9869
600097.XSHG	2021-01-27	13.7258	1.2047	1.0889	620.9602
600098.XSHG	2021-01-27	16.7695	0.904	0.5171	-7.4801
600099.XSHG	2021-01-27	190.0356	2.5904	2.1491	110.5869
600100.XSHG	2021-01-27	-28.8198	1.0689	0.7336	11.0069
600101.XSHG	2021-01-27	31.6578	0.9152	1.3288	26.1221
600103.XSHG	2021-01-27	618.7566	1.271	1.7690000000000001	187.734
600104.XSHG	2021-01-27	12.7242	1.074	0.3609	16.2835
600105.XSHG	2021-01-27	-27.868000000000002	1.5566	1.3787	13.7496
600106.XSHG	2021-01-27	15.3396	0.8982	15.3987	7.9554
600107.XSHG	2021-01-27	-79.5722	6.2929	9.995	-894.9293
600108.XSHG	2021-01-27	133.8522	1.2088	2.056	-12.6064
600109.XSHG	2021-01-27	22.061	1.984	7.0983	39.6229
600110.XSHG	2021-01-27	-72.5491	4.3186	7.7698	-953.1263
600111.XSHG	2021-01-27	98.6345	6.4929	3.3474	38.5023
600112.XSHG	2021-01-27	-0.6919	2.5905	2.8988	-15.8187
600113.XSHG	2021-01-27	20.5936	1.6144	5.0972	-44.4537
600114.XSHG	2021-01-27	18.8234	1.9875	1.6832	20.6179
600115.XSHG	2021-01-27	-7.2359	1.31	1.0659999999999998	9.8782
600116.XSHG	2021-01-27	40.4054	1.6407	4.955	57.512
600117.XSHG	2021-01-27	181.3434	2.445	0.3325	-5.0831
600118.XSHG	2021-01-27	131.0552	6.9999	6.3035	-86.9148
600119.XSHG	2021-01-27	31.338	6.2578	4.6483	141.7738
600120.XSHG	2021-01-27	14.1536	0.9343	0.8024	74.1341
600121.XSHG	2021-01-27	-5.8928	3.0663	2.8823	-9.224
600122.XSHG	2021-01-27	-0.4338	0.495	0.3538	-8.0125
600123.XSHG	2021-01-27	33.9599	0.5367	0.8691	10.1281
600125.XSHG	2021-01-27	15.7165	1.1157	0.3746	6.9698
600126.XSHG	2021-01-27	21.2907	0.9422	0.6086	7.3957
600127.XSHG	2021-01-27	-2444.4311	8.607000000000001	1.238	270.5716
600128.XSHG	2021-01-27	19.5996	0.8740000000000001	0.35	8.336
600129.XSHG	2021-01-27	-45.5042	2.5449	0.7187	246.4844
600130.XSHG	2021-01-27	52.5804	2.6871	4.706	-113.6651
600131.XSHG	2021-01-27	26.1928	3.5066	2.3329	18.2891
600132.XSHG	2021-01-27	121.7578	53.1238	17.4111	66.9003
600133.XSHG	2021-01-27	13.6968	0.8798	0.4392	24.9232
600135.XSHG	2021-01-27	78.0662	1.3004	1.7537	-13.8269
600136.XSHG	2021-01-27	-1.837	1.1249	4.0369	87.9377
600137.XSHG	2021-01-27	90.0865	2.3467	3.9503	-125.4754
600138.XSHG	2021-01-27	-69.7967	1.1343	0.7969	53.1734
600139.XSHG	2021-01-27	-37.9344	6.3064	14.3898	27.4638
600141.XSHG	2021-01-27	40.1726	1.5887	0.7765	-128.5583
600143.XSHG	2021-01-27	18.1661	5.2889	2.1184	136.5605
600145.XSHG	2021-01-27	78.3574	2.2612	101.1946	-1348.8074
600146.XSHG	2021-01-27	-4.9803	0.6334	2.4849	-14.6069
600148.XSHG	2021-01-27	36.5859	3.8308	1.5433	246.00400000000002
600149.XSHG	2021-01-27	163.6071	7.625	8.634	-96.4402
600150.XSHG	2021-01-27	-117.9554	1.6675	3.3275	-27.4751
600151.XSHG	2021-01-27	-15.5802	2.1866	1.7732	127.9813
600152.XSHG	2021-01-27	104.4661	1.8734	1.5932	270.2184
600153.XSHG	2021-01-27	3.9886	0.6941	0.0578	2.3925
600155.XSHG	2021-01-27	47.6606	1.2468	6.4108	8.0014
600156.XSHG	2021-01-27	983.1872	2.0498	1.5412	122.7472
600157.XSHG	2021-01-27	143.4786	1.2591	1.3757	69.3975
600158.XSHG	2021-01-27	82.5732	4.7766	7.6488	63.7338
600159.XSHG	2021-01-27	15.1006	0.8311	1.7318	113.7253
600160.XSHG	2021-01-27	591.6613	1.9758	1.6667	-227.8315
600161.XSHG	2021-01-27	75.4941	11.06	14.2415	86.477
600162.XSHG	2021-01-27	39.9064	1.1988	1.5475	94.38799999999999
600163.XSHG	2021-01-27	27.915	2.1935	9.0197	-32.5993
600165.XSHG	2021-01-27	-186.0129	4.6213	26.8612	132.2637
600166.XSHG	2021-01-27	83.8063	1.1674	0.33299999999999996	65.0092
600167.XSHG	2021-01-27	12.5321	2.7873	6.007999999999999	391.1656
600168.XSHG	2021-01-27	16.2088	0.8497	2.9185	-5.7437
600169.XSHG	2021-01-27	-6.9678	1.8677	1.0126	8.5557
600170.XSHG	2021-01-27	7.5574	0.9537	0.1194	2.0047
600171.XSHG	2021-01-27	52.1029	3.5902	10.4874	-570.7697
600172.XSHG	2021-01-27	-30.2814	0.9996	1.5994	-12.4187
600173.XSHG	2021-01-27	8.408999999999999	1.1403	2.0262	-90.5629
600176.XSHG	2021-01-27	46.2328	5.239	8.0882	348.772
600177.XSHG	2021-01-27	5.1007	1.1899	2.3253	8.0567
600178.XSHG	2021-01-27	39.2611	1.5587	1.045	-57.7706
600179.XSHG	2021-01-27	-4.773	-12.5091	4.4864	-337.0311
600180.XSHG	2021-01-27	24.9539	0.8304	0.1239	-11.0884
600182.XSHG	2021-01-27	79.3528	4.782	1.7337	50.9215
600183.XSHG	2021-01-27	35.221	6.2897	4.1631	-231.6666
600184.XSHG	2021-01-27	102.6439	2.4622	2.3407	24.3497
600185.XSHG	2021-01-27	20.6204	1.521	2.5583	13.6875
600186.XSHG	2021-01-27	124.8703	9.6487	2.1899	129.3122
600187.XSHG	2021-01-27	127.4627	1.0972	8.0673	-22.2597
600188.XSHG	2021-01-27	6.0629	0.7942	0.21899999999999997	17.1131
600189.XSHG	2021-01-27	-6.2446	6.2593	7.0766	-16.2317
600190.XSHG	2021-01-27	33.1232	0.89	0.8902	11.9279
600191.XSHG	2021-01-27	-552.4994	1.3495	20.1112	294.6359
600192.XSHG	2021-01-27	166.334	1.0156	0.9537	75.2481
600193.XSHG	2021-01-27	95.6573	7.9428	2.5261	-204.4616
600195.XSHG	2021-01-27	30.2451	3.1198	2.9648	44.1404
600196.XSHG	2021-01-27	33.5923	3.7943	4.261	-46.4778
600197.XSHG	2021-01-27	31.0501	4.0296	5.5261	-19.4317
600198.XSHG	2021-01-27	-12.5184	-38.7311	5.6901	174.4751
600199.XSHG	2021-01-27	-40.3415	3.5276	10.853	-22.5578
600200.XSHG	2021-01-27	-90.36200000000001	1.4358	1.6015	8.5953
600201.XSHG	2021-01-27	94.3954	5.2052	18.2661	-685.7313
600202.XSHG	2021-01-27	32.8629	2.0106	1.6164	12.8194
600203.XSHG	2021-01-27	-88.98299999999999	2.1281	0.3589	-154.5247
600206.XSHG	2021-01-27	60.1227	3.3659	0.9056	-321.185
600207.XSHG	2021-01-27	85.7682	2.8101	2.0580000000000003	-119.0751
600208.XSHG	2021-01-27	10.8271	0.708	2.235	-74.4364
600209.XSHG	2021-01-27	-42.043	3.5439999999999996	20.8217	-29.7288
600210.XSHG	2021-01-27	13.1158	1.3824	0.7593	-163.6419
600211.XSHG	2021-01-27	34.7172	5.442	10.5056	269.2611
600212.XSHG	2021-01-27	-15.2903	7.3218	6.1924	-42.7751
600213.XSHG	2021-01-27	-18.0573	18.1092	0.7605	-8.7338
600215.XSHG	2021-01-27	24.5197	0.9381	17.0845	-3.1842
600216.XSHG	2021-01-27	23.1535	1.858	1.9521	28.6202
600217.XSHG	2021-01-27	17.3354	3.3202	2.2518	41.7817
600218.XSHG	2021-01-27	22.2487	1.5512	0.7507	25.2522
600219.XSHG	2021-01-27	22.3013	0.9899	1.903	14.478
600220.XSHG	2021-01-27	-163.6001	1.9473	2.0333	-12.3236
600221.XSHG	2021-01-27	-1.6382	0.8233	0.7192	-0.9346
600222.XSHG	2021-01-27	66.7545	1.9873	2.0334	39.7636
600223.XSHG	2021-01-27	19.8561	3.7854	1.1015	10.4542
600225.XSHG	2021-01-27	-1.1145	-8.7545	1.1282	30.5209
600226.XSHG	2021-01-27	-7.8427	1.4654	8.9739	-270.4566
600227.XSHG	2021-01-27	759.4294	1.3414	2.3835	-50.8921
600228.XSHG	2021-01-27	-383.5254	43.3681	6.2973	-842.5355
600229.XSHG	2021-01-27	12.2072	1.4557	1.8843	21.4581
600230.XSHG	2021-01-27	-21.1203	1.095	2.3421	-7.9645
600231.XSHG	2021-01-27	14.3555	0.7611	0.3116	4.4859
600232.XSHG	2021-01-27	42.2767	1.723	1.7128	23.0315
600233.XSHG	2021-01-27	21.8353	2.2019	1.1113	79.6456
600234.XSHG	2021-01-27	48.8144	17.7136	2.9651	35.8912
600235.XSHG	2021-01-27	42.1211	1.6135	1.6488	385.2296
600236.XSHG	2021-01-27	19.7141	2.4373	4.2324	-54.1173
600237.XSHG	2021-01-27	-23.0041	2.6485	3.4892	47.4643
600238.XSHG	2021-01-27	-24.2428	8.4312	7.7546	-249.0691
600239.XSHG	2021-01-27	-1.3177	3.1263	0.7114	-5.0883
600241.XSHG	2021-01-27	-3.4349	0.9736	1.8967	-20.1221
600242.XSHG	2021-01-27	-0.6041	1.8507	1.507	12.1995
600243.XSHG	2021-01-27	-3.8510000000000004	1.1294	1.9055	21.7345
600246.XSHG	2021-01-27	32.5104	1.8625	9.3799	-54.571000000000005
600247.XSHG	2021-01-27	-3.5273	-2.8077	23.6748	338.44599999999997
600248.XSHG	2021-01-27	114.3456	1.0987	1.7174	92.2469
600249.XSHG	2021-01-27	2896.2523	1.1327	3.0418	5.5972
600250.XSHG	2021-01-27	10.8994	1.3571	1.7932	12.6185
600251.XSHG	2021-01-27	19.3678	2.0047	1.6918	28.9079
600252.XSHG	2021-01-27	16.151	1.4464	2.4137	12.8378
600255.XSHG	2021-01-27	-3.3947	2.8464	1.0767	-77.5193
600256.XSHG	2021-01-27	15.055	1.0426	1.1887	-29.7308
600257.XSHG	2021-01-27	-19.1422	2.1488	2.6057	288.6741
600258.XSHG	2021-01-27	-53.3395	2.4882	3.6703	-38.2789
600259.XSHG	2021-01-27	2736.6223	6.2501	1.3411	-148.2066
600260.XSHG	2021-01-27	18.5383	1.3981	0.9101	-41.5245
600261.XSHG	2021-01-27	12.8485	1.3482	1.0495	9.3348
600262.XSHG	2021-01-27	44.2142	2.2452	2.2153	12.9513
600265.XSHG	2021-01-27	-486.0871	95.4854	16.9741	101.6683
600266.XSHG	2021-01-27	9.5196	0.5006	0.9336	8.9756
600267.XSHG	2021-01-27	-20.6207	2.5408	1.5482	81.801
600268.XSHG	2021-01-27	71.5186	2.005	0.9575	64.3032
600269.XSHG	2021-01-27	37.3405	0.4939	1.5293	3.8749
600271.XSHG	2021-01-27	49.095	1.9409999999999998	0.8742	15.277999999999999
600272.XSHG	2021-01-27	132.6969	3.4268	2.154	34.2992
600273.XSHG	2021-01-27	10.4698	1.6271	2.2761	93.2093
600275.XSHG	2021-01-27	-50.7088	10.7811	38.0388	-129.7833
600276.XSHG	2021-01-27	97.1453	19.3241	22.0707	81.6769
600277.XSHG	2021-01-27	20.5782	0.4856	0.6661	-188.94400000000002
600278.XSHG	2021-01-27	70.9244	1.1156	0.4626	203.8464
600279.XSHG	2021-01-27	47.0515	0.7726	0.9703	12.3966
600280.XSHG	2021-01-27	-5.3991	3.5642	0.677	-14.3581
600281.XSHG	2021-01-27	21.0062	3.6128	3.1777	21.048000000000002
600282.XSHG	2021-01-27	8.4049	0.8241	0.3769	-63.7101
600283.XSHG	2021-01-27	30.6899	1.8078	2.8454	15.1184
600284.XSHG	2021-01-27	13.5512	0.8955	0.6285	-4.9199
600285.XSHG	2021-01-27	14.8628	1.9780000000000002	2.0273	-37.4241
600287.XSHG	2021-01-27	9.2335	0.9601	0.5427	5.8353
600288.XSHG	2021-01-27	73.2377	2.5019	1.6002	32.055
600289.XSHG	2021-01-27	1.5845	4.1779	4.3377	-39.0834
600290.XSHG	2021-01-27	-0.6124	1.7572	2.1630000000000003	-202.9099
600291.XSHG	2021-01-27	-0.4453	2.7864	0.1463	-22.2136
600292.XSHG	2021-01-27	71.0413	0.9008	1.288	819.518
600293.XSHG	2021-01-27	-4.5052	0.866	1.2294	214.8895
600295.XSHG	2021-01-27	14.5356	1.4695	0.8771	-9.9457
600297.XSHG	2021-01-27	12.4616	0.526	0.1327	-30.3611
600298.XSHG	2021-01-27	35.758	8.0739	5.2401	610.7817
600299.XSHG	2021-01-27	26.6813	2.49	2.9147	-18.3615
600300.XSHG	2021-01-27	21.3804	2.2422	1.2368	38.2452
600301.XSHG	2021-01-27	278.4943	4.9774	2.3311	-59.0913
600302.XSHG	2021-01-27	-15.2153	1.291	1.8852	16.7144
600303.XSHG	2021-01-27	23.6979	0.8686	1.4424	36.0479
600305.XSHG	2021-01-27	86.9623	11.3251	13.5515	415.36199999999997
600306.XSHG	2021-01-27	-7.235	-5.0233	2.3141	-121.7698
600307.XSHG	2021-01-27	27.9664	0.7867	0.256	7.6789
600308.XSHG	2021-01-27	9.1989	0.7472	0.5149	6.446000000000001
600309.XSHG	2021-01-27	47.763999999999996	8.2383	5.2666	29.8509
600310.XSHG	2021-01-27	43.143	1.3583	0.1288	17.5547
600311.XSHG	2021-01-27	-22.6474	1.6354	2.5138	-3.2882
600312.XSHG	2021-01-27	40.7831	1.0149	0.8440000000000001	-79.0775
600313.XSHG	2021-01-27	253.5689	4.216	1.7195	52.2873
600315.XSHG	2021-01-27	76.4414	3.8842	3.4791	187.5857
600316.XSHG	2021-01-27	183.2185	6.4581	5.6014	475.03
600317.XSHG	2021-01-27	15.365	1.298	3.3929	-21.8337
600318.XSHG	2021-01-27	174.2253	3.093	7.9896	66.3345
600319.XSHG	2021-01-27	-155.0052	35.802	5.4801	16.9114
600320.XSHG	2021-01-27	37.3693	1.2467	0.7366	-19.5789
600321.XSHG	2021-01-27	-21.4973	1.1676	3.5781	-197.3584
600322.XSHG	2021-01-27	-49.823	0.4954	0.2806	-16.7948
600323.XSHG	2021-01-27	18.0029	2.3753	2.4181	971.7007
600325.XSHG	2021-01-27	4.702	0.9574	0.3111	0.6338
600326.XSHG	2021-01-27	19.3175	1.6353	0.9890000000000001	5.2658
600327.XSHG	2021-01-27	25.9435	1.0366	0.4081	-103.1316
600328.XSHG	2021-01-27	18.0963	1.0584	0.7517	-17.7976
600329.XSHG	2021-01-27	20.1501	2.3502	1.9554	-243.5743
600330.XSHG	2021-01-27	29.3595	2.1302	3.2913	1249.2767
600331.XSHG	2021-01-27	-14.5308	2.1212	1.8228	-69.8563
600332.XSHG	2021-01-27	17.5555	1.8241	0.764	15.5123
600333.XSHG	2021-01-27	806.0817	1.6652	2.1073	27.1909
600335.XSHG	2021-01-27	29.37	0.7359	0.1693	37.1984
600336.XSHG	2021-01-27	25.7187	2.6803	0.8257	-10.2805
600337.XSHG	2021-01-27	63.9165	2.0484	1.9281	-36.6166
600338.XSHG	2021-01-27	62.5623	3.9738	5.4977	-110.0965
600339.XSHG	2021-01-27	14.2454	0.6011	0.1952	16.1786
600340.XSHG	2021-01-27	3.1192	0.7803	0.3881	-9.7087
600343.XSHG	2021-01-27	-64.9321	3.1589	4.0553	-27.8178
600345.XSHG	2021-01-27	41.2229	1.5561	21.9168	294.1635
600346.XSHG	2021-01-27	22.6155	6.8046	2.3191	274.8809
600348.XSHG	2021-01-27	10.3763	0.7189	0.3989	16.615
600350.XSHG	2021-01-27	11.8797	0.9457	3.7543	2306.9392
600351.XSHG	2021-01-27	-30.1483	1.317	1.4187	-12.538
600352.XSHG	2021-01-27	10.9917	1.7613	2.9476	28.1857
600353.XSHG	2021-01-27	44.7162	2.1907	2.5939	-38.3118
600354.XSHG	2021-01-27	-40.1678	4.1414	2.1056	20.0416
600355.XSHG	2021-01-27	-14.3338	3.9622	5.3016	157.96200000000002
600356.XSHG	2021-01-27	24.3779	1.238	1.4764	-32.0548
600358.XSHG	2021-01-27	-9.3569	6.2392	2.9239	82.9841
600359.XSHG	2021-01-27	78.5565	6.7778	5.5912	-399.8987
600360.XSHG	2021-01-27	273.2755	2.521	4.6532	-33.6434
600361.XSHG	2021-01-27	17.3084	0.8525	0.2734	-2.5685
600362.XSHG	2021-01-27	37.3735	1.3687	0.2438	9.0142
600363.XSHG	2021-01-27	45.163999999999994	3.8967	2.8613	-628.1409
600365.XSHG	2021-01-27	-17.6037	1.4482	1.8308	-816.1623
600366.XSHG	2021-01-27	45.2162	1.5003	2.8112	-67.76100000000001
600367.XSHG	2021-01-27	716.5989	1.5473	1.6024	-15.934000000000001
600368.XSHG	2021-01-27	7.4683	0.7949	2.0139	19.5251
600369.XSHG	2021-01-27	29.4214	1.3341	9.4326	7.2087
600370.XSHG	2021-01-27	-64.4901	2.1944	-2.9936	-52.1101
600371.XSHG	2021-01-27	70.4568	7.7432	15.4522	-103.1938
600372.XSHG	2021-01-27	50.6064	3.4206	3.9647	435.2013
600373.XSHG	2021-01-27	7.7231	0.9074	1.3409	13.6265
600375.XSHG	2021-01-27	-29.5993	1.5289	0.6087	-13.2863
600376.XSHG	2021-01-27	8.3542	0.5886	0.3453	1.7161
600377.XSHG	2021-01-27	17.5202	1.6076	5.5999	-3782.7061
600378.XSHG	2021-01-27	33.0598	3.3605	4.3069999999999995	-79.243
600379.XSHG	2021-01-27	56.3741	3.9930000000000003	2.5587	204.6672
600380.XSHG	2021-01-27	25.2726	2.4233	2.0608	11.6903
600381.XSHG	2021-01-27	-53.9861	1.6312	29.1888	-19.8373
600382.XSHG	2021-01-27	12.9264	0.7703	6.8027	-23.6563
600383.XSHG	2021-01-27	5.3093	0.9747	0.8348	6.8683
600385.XSHG	2021-01-27	-244.6354	34.2364	12.1612	-7.9979
600386.XSHG	2021-01-27	61.8805	1.5242	0.5917	-15.9286
600387.XSHG	2021-01-27	41.7281	0.9146	0.4336	-14.9118
600388.XSHG	2021-01-27	10.5278	1.5805	0.9086	10.2358
600389.XSHG	2021-01-27	20.16	3.3268	1.2734	-64.2688
600390.XSHG	2021-01-27	9.0668	0.7996	1.9236	7.5598
600391.XSHG	2021-01-27	-430.2472	4.7671	2.0571	-114.9374
600392.XSHG	2021-01-27	-3058.815	4.9003	3.8157	80.3515
600393.XSHG	2021-01-27	-921.9934	0.7181	1.3863	-599.7015
600395.XSHG	2021-01-27	17.0961	1.7066	2.1305	-36.5359
600396.XSHG	2021-01-27	28.8939	1.675	0.4696	9.7313
600397.XSHG	2021-01-27	-21.2557	4.0436	0.3711	13.6934
600398.XSHG	2021-01-27	14.7171	2.1826	1.4551	84.5511
600399.XSHG	2021-01-27	58.0606	6.3378	5.0877	145.6926
600400.XSHG	2021-01-27	48.0705	2.0063	3.0439999999999996	89.1682
600403.XSHG	2021-01-27	170.8466	1.4373	1.869	7.4524
600405.XSHG	2021-01-27	211.5635	3.24	2.6543	180.3597
600406.XSHG	2021-01-27	30.5916	4.564	4.1076	-1435.8458
600408.XSHG	2021-01-27	7.0399	1.2794	0.3001	5.0163
600409.XSHG	2021-01-27	133.0118	2.2749	1.4155	43.1285
600410.XSHG	2021-01-27	417.5507	1.6783	2.1653	-54.2319
600415.XSHG	2021-01-27	20.6866	2.0274	6.7765	-16.7466
600416.XSHG	2021-01-27	-30.6603	6.5778	3.7965	221.2895
600418.XSHG	2021-01-27	684.9344	1.4132	0.3645	18.7864
600419.XSHG	2021-01-27	29.3652	2.7084	2.4154	16.2262
600420.XSHG	2021-01-27	13.8015	1.0967	0.7098	-7.3621
600421.XSHG	2021-01-27	296.7635	86.0367	19.4607	554.2587
600422.XSHG	2021-01-27	14.6717	1.5033	0.8403	-32.0582
600423.XSHG	2021-01-27	-1.2858	4.7078	11.1609	15.4924
600425.XSHG	2021-01-27	21.2452	0.9908	1.7080000000000002	13.8582
600426.XSHG	2021-01-27	37.1575	4.5471	5.3904	-95.3305
600428.XSHG	2021-01-27	135.5901	1.2494	1.5754	41.7578
600429.XSHG	2021-01-27	-56.8931	1.3683	0.9144	-49.9589
600433.XSHG	2021-01-27	36.0182	2.3833	2.6639	-32.0271
600435.XSHG	2021-01-27	277.1119	5.8912	4.7019	2610.7776
600436.XSHG	2021-01-27	106.9222	22.6148	27.3858	-160.4575
600438.XSHG	2021-01-27	60.9218	7.485	5.5056	-216.71099999999998
600439.XSHG	2021-01-27	72.2668	0.9652	2.1748	29.8147
600444.XSHG	2021-01-27	24.5442	2.4103	2.2307	-53.5104
600446.XSHG	2021-01-27	34.7012	6.1181	2.5217	120.68799999999999
600448.XSHG	2021-01-27	120.5095	1.3216	0.6428	-12.4615
600449.XSHG	2021-01-27	6.1567	0.9784	1.2	114.5237
600452.XSHG	2021-01-27	19.9961	3.4945	2.781	-166.7491
600455.XSHG	2021-01-27	52.3574	6.5339	5.6109	3488.7734
600456.XSHG	2021-01-27	67.3055	5.3899	5.0118	193.7504
600458.XSHG	2021-01-27	36.9739	1.5607	0.5459	9.3826
600459.XSHG	2021-01-27	27.5158	2.9507	0.4235	20.8861
600460.XSHG	2021-01-27	3747.362	9.0969	8.0956	273.9457
600461.XSHG	2021-01-27	9.3074	1.2159	0.9713	6.4092
600462.XSHG	2021-01-27	-27.4647	67.1501	5.5486	52.7232
600463.XSHG	2021-01-27	-81.2944	1.3345	1.4267	-24.1753
600466.XSHG	2021-01-27	3.6133	0.7757	0.3043	4.2124
600467.XSHG	2021-01-27	56.1945	1.1362	2.8597	135.9984
600468.XSHG	2021-01-27	45.1897	2.5202	2.3152	-35.7131
600469.XSHG	2021-01-27	21.0874	1.305	0.6668	-13.581
600470.XSHG	2021-01-27	-16.58	1.5454	0.4555	20.1257
600475.XSHG	2021-01-27	11.0736	0.9890000000000001	0.9059	32.6946
600476.XSHG	2021-01-27	-32.3568	9.3382	6.9945	601.2672
600477.XSHG	2021-01-27	9.6807	1.9926	1.0925	36.1435
600478.XSHG	2021-01-27	-28.9311	2.7167	2.6661	-52.1325
600479.XSHG	2021-01-27	11.7336	1.5332	0.9578	-6.778
600480.XSHG	2021-01-27	191.7445	1.4637	0.5392	-40.3006
600481.XSHG	2021-01-27	48.5767	3.0412	3.2243	83.8329
600482.XSHG	2021-01-27	45.0601	1.1018	1.4601	13.49
600483.XSHG	2021-01-27	12.8455	0.9783	1.5818	23.82
600485.XSHG	2021-01-27	-1.0741	-0.3238	18.3985	-257.0796
600486.XSHG	2021-01-27	42.2958	8.2336	4.9514	155.2559
600487.XSHG	2021-01-27	29.3943	1.5342	0.9478	124.9094
600488.XSHG	2021-01-27	46.5961	1.8217	2.0917	764.4534
600489.XSHG	2021-01-27	72.8034	1.7309999999999999	0.9615	24.0009
600490.XSHG	2021-01-27	383.9388	1.3709	0.9115	45.1754
600491.XSHG	2021-01-27	8.1521	0.7058	0.3899	-237.9168
600493.XSHG	2021-01-27	109.0748	1.6179	1.2988	12.5444
600495.XSHG	2021-01-27	138.9966	1.6133	3.9136	130.5129
600496.XSHG	2021-01-27	16.8096	1.4668	0.9171	10.3508
600497.XSHG	2021-01-27	42.1746	1.8	1.6033	589.8853
600498.XSHG	2021-01-27	38.8502	2.3283	1.0892	29.13
600499.XSHG	2021-01-27	726.2315	3.1106	2.7485	-461.3948
600500.XSHG	2021-01-27	396.7758	1.1725	0.2649	5.8482
600501.XSHG	2021-01-27	29.1171	1.9140000000000001	1.1956	15.363
600502.XSHG	2021-01-27	9.7935	0.8631	0.1132	-4.2167
600503.XSHG	2021-01-27	12.568	1.3672	1.8171	21.3944
600505.XSHG	2021-01-27	98.7061	1.7608	2.1934	-101.1851
600506.XSHG	2021-01-27	173.1468	4.0012	40.7595	889.6455
600507.XSHG	2021-01-27	7.581	1.7346	0.9064	5.2669
600508.XSHG	2021-01-27	12.7549	0.6248	0.8659	-6.7276
600509.XSHG	2021-01-27	-36.075	0.9888	1.2372	20.5374
600510.XSHG	2021-01-27	7.6493	0.7374	0.7764	-6.0772
600511.XSHG	2021-01-27	21.0544	2.9246	0.7886	59.6196
600512.XSHG	2021-01-27	10.0462	0.8417	0.8128	11.6673
600513.XSHG	2021-01-27	26.1411	2.4298	1.8633	20.5181
600515.XSHG	2021-01-27	-30.4452	1.2128	3.3813	-11.7228
600516.XSHG	2021-01-27	67.4927	2.1126	8.7778	-64.7163
600517.XSHG	2021-01-27	109.3932	2.0029	6.32	-983.408
600518.XSHG	2021-01-27	-1.6684	0.7759	2.3251	-99.1859
600519.XSHG	2021-01-27	58.8666	17.677	27.6462	157.20600000000002
600520.XSHG	2021-01-27	-18.9918	2.737	3.4011	-44.7298
600521.XSHG	2021-01-27	42.0997	6.1174	6.053999999999999	-37.6129
600522.XSHG	2021-01-27	15.517000000000001	1.5041	0.8252	23.5447
600523.XSHG	2021-01-27	38.9093	2.557	3.0099	67.7139
600525.XSHG	2021-01-27	-46.9564	1.8547	1.2684	66.118
600526.XSHG	2021-01-27	33.9171	1.1004	0.6681	8.1747
600527.XSHG	2021-01-27	18.8723	1.8602	3.6891	-9.5839
600528.XSHG	2021-01-27	10.925	1.0588	0.8228	20.8977
600529.XSHG	2021-01-27	44.99	5.8278	7.6029	-120.1839
600530.XSHG	2021-01-27	-17.7824	2.6047	6.0639	-105.5845
600531.XSHG	2021-01-27	14.557	1.5125	0.309	-40.5348
600532.XSHG	2021-01-27	37.6529	3.9739	1.6469999999999998	-196.7612
600533.XSHG	2021-01-27	35.8381	0.7644	0.9682	-1.7131
600535.XSHG	2021-01-27	21.4578	1.7772	1.2762	-47.6179
600536.XSHG	2021-01-27	-144.2784	20.9135	7.1243	88.4842
600537.XSHG	2021-01-27	-23.1744	1.7937	1.3603	-56.4974
600538.XSHG	2021-01-27	511.4507	4.0314	13.5398	-44.2944
600539.XSHG	2021-01-27	-68.6695	3.6195	19.1821	-26.9461
600540.XSHG	2021-01-27	47.6967	2.9401	1.6017	55.4328
600543.XSHG	2021-01-27	421.9205	2.1304	18.9633	107.5253
600545.XSHG	2021-01-27	54.485	1.3405	0.9179	-138.3448
600546.XSHG	2021-01-27	13.4863	1.9092	0.4082	-25.4045
600547.XSHG	2021-01-27	43.8777	3.9076	1.8676	39.4261
600548.XSHG	2021-01-27	18.7936	1.0212	3.3876	-509.19199999999995
600549.XSHG	2021-01-27	42.2985	3.3617	1.3716	-12064.7148
600550.XSHG	2021-01-27	74.3104	12.2239	2.0897	-97.3043
600551.XSHG	2021-01-27	20.149	0.7389	0.5525	28.3204
600552.XSHG	2021-01-27	53.4348	2.0999	1.0319	-84.9661
600555.XSHG	2021-01-27	-8.3404	1.7047	113.3371	-7.9434
600556.XSHG	2021-01-27	71.65100000000001	7.1828	8.2607	14.9689
600557.XSHG	2021-01-27	16.8613	1.3236	1.5611	23.1666
600558.XSHG	2021-01-27	26.0347	1.2587	0.9013	52.666000000000004
600559.XSHG	2021-01-27	63.2302	6.8338	6.2454	56.597
600560.XSHG	2021-01-27	51.0292	2.2274	2.333	-425.1483
600561.XSHG	2021-01-27	-2.4527	0.9127	0.5787	5.4702
600562.XSHG	2021-01-27	334.8263	4.6949	13.4143	30.2586
600563.XSHG	2021-01-27	47.1143	9.0322	13.3982	97.8902
600565.XSHG	2021-01-27	5.3774	0.682	0.3249	2.7333
600566.XSHG	2021-01-27	13.2165	1.9336	2.8761	9.2793
600567.XSHG	2021-01-27	14.0024	0.972	0.6175	52.8374
600568.XSHG	2021-01-27	-7.8761	0.8373	3.7374	33.479
600569.XSHG	2021-01-27	-61.381	0.6492	0.2187	-8.5414
600570.XSHG	2021-01-27	96.2703	26.0791	25.5259	176.0408
600571.XSHG	2021-01-27	31.1462	3.2889999999999997	2.772	2319.2517
600572.XSHG	2021-01-27	-42.1047	2.2758	1.9652	45.9686
600573.XSHG	2021-01-27	69.2606	1.7846	3.3511	-29.5597
600575.XSHG	2021-01-27	10.2416	0.8374	0.7468	33.4279
600576.XSHG	2021-01-27	-2.6456	2.3863	9.4083	26.7599
600577.XSHG	2021-01-27	12.7976	1.5605	0.4635	5.907
600578.XSHG	2021-01-27	13.1147	0.8347	1.0335	-6.1778
600579.XSHG	2021-01-27	-12.1723	0.6066	0.3279	-79.5363
600580.XSHG	2021-01-27	22.7773	2.3778	1.4223	27.2833
600581.XSHG	2021-01-27	30.2283	1.1775	0.2522	7.1716
600582.XSHG	2021-01-27	10.7933	0.7153	0.6481	6.303
600583.XSHG	2021-01-27	25.6582	0.8454	1.0292	-65.4979
600584.XSHG	2021-01-27	68.2828	5.3553	2.7078	-290.8306
600585.XSHG	2021-01-27	7.9422	1.8081	1.6092	-138.6909
600586.XSHG	2021-01-27	70.9328	2.38	2.0341	173.6507
600587.XSHG	2021-01-27	19.9995	1.2466	0.6053	23.3964
600588.XSHG	2021-01-27	225.3704	24.5506	19.9961	3727.9258
600589.XSHG	2021-01-27	-2.3871	0.7502	1.74	-18.2859
600590.XSHG	2021-01-27	41.398	1.193	1.0143	-163.4874
600592.XSHG	2021-01-27	25.7784	1.8891	3.5169	-78.1496
600593.XSHG	2021-01-27	-27.1679	5.3083	27.9139	-20.4862
600594.XSHG	2021-01-27	22.3651	1.1894	1.2002	20.9089
600595.XSHG	2021-01-27	82.6074	1.6143	0.9125	-83.2715
600596.XSHG	2021-01-27	70.6824	1.3019999999999998	0.7981	22.166
600597.XSHG	2021-01-27	49.445	3.9742	0.9826	-37.8834
600598.XSHG	2021-01-27	33.3618	4.3487	9.5197	13.9429
600599.XSHG	2021-01-27	-16.9031	1.3322	5.066	-4.6897
600600.XSHG	2021-01-27	56.4244	5.9449	4.6035	43.18600000000001
600601.XSHG	2021-01-27	-6.9627	4.5336	1.311	-82.307
600602.XSHG	2021-01-27	33.672	1.7024	1.5825	62.8225
600603.XSHG	2021-01-27	6.18	0.86	1.6229	-7.4475
600604.XSHG	2021-01-27	46.5646	1.817	6.664	-58.9897
600605.XSHG	2021-01-27	30.8044	2.2466	18.7845	14.6353
600606.XSHG	2021-01-27	4.922	0.8098	0.1403	34.523
600608.XSHG	2021-01-27	250.54	19.8767	0.9968	49.4669
600609.XSHG	2021-01-27	82.6615	4.9101	1.0879	-6.1288
600610.XSHG	2021-01-27	89.6867	93.1329	5.0707	85.7243
600611.XSHG	2021-01-27	13.4066	0.9039	2.4165	37.459
600612.XSHG	2021-01-27	16.4968	3.1777	0.4737	-51.4972
600613.XSHG	2021-01-27	-15.9706	0.9398	1.2652	39.9251
600614.XSHG	2021-01-27	-1.4659	10.0951	2.8691	-66.3297
600615.XSHG	2021-01-27	-248.8087	1.6682	16.8067	-2.0847
600616.XSHG	2021-01-27	441.5188	2.6357	6.5398	183.5554
600617.XSHG	2021-01-27	-7.2693	1.2769	0.43700000000000006	-7.3046
600618.XSHG	2021-01-27	15.925	1.6977	1.7311	12.2079
600619.XSHG	2021-01-27	39.1075	1.4774	0.6392	-21.0727
600620.XSHG	2021-01-27	41.9862	1.5392	85.4192	-45.6323
600621.XSHG	2021-01-27	32.5865	3.0847	12.4621	22.524
600622.XSHG	2021-01-27	10.5182	0.7138	1.0483	-1.8103
600623.XSHG	2021-01-27	97.7904	0.7245	0.495	-20.4533
600624.XSHG	2021-01-27	143.3856	4.5515	5.5574	119.6736
600626.XSHG	2021-01-27	-7.6949	1.0339	0.2815	10.2825
600628.XSHG	2021-01-27	1177.5746	1.1615	4.4415	109.4314
600629.XSHG	2021-01-27	12.7827	1.2481	0.4675	146.5289
600630.XSHG	2021-01-27	-17.5765	1.3085	0.6227	-105.9346
600633.XSHG	2021-01-27	19.0598	1.1954	2.8479	52.0773
600634.XSHG	2021-01-27	1.5413	5.4177	1.0212	-2.2706
600635.XSHG	2021-01-27	28.4449	1.3874	2.3295	-13.9478
600636.XSHG	2021-01-27	28.7793	1.8511	6.9283	32.3589
600637.XSHG	2021-01-27	14.6963	1.0325	2.7621	37.1318
600638.XSHG	2021-01-27	-7.7605	0.9507	2.9235	2.2494
600639.XSHG	2021-01-27	11.0753	1.2696	3.4583	6.6711
600640.XSHG	2021-01-27	-82.7644	1.9847	2.2137	18.2941
600641.XSHG	2021-01-27	68.5175	2.2901	22.0524	9.111
600642.XSHG	2021-01-27	9.8739	0.8302	1.0431	-444.0039
600643.XSHG	2021-01-27	8.2634	0.9591	2.7022	6.0652
600644.XSHG	2021-01-27	26.7688	1.7245	1.1933	56.8084
600645.XSHG	2021-01-27	106.3289	2.6269	7.0289	486.2024
600647.XSHG	2021-01-27	675.0831	4.81	8.3853	-16.9134
600648.XSHG	2021-01-27	25.983	1.4177	1.8159999999999998	15.2467
600649.XSHG	2021-01-27	31.3271	0.6559999999999999	7.3541	4.3176
600650.XSHG	2021-01-27	39.1475	1.4038	1.7652	26.6085
600651.XSHG	2021-01-27	-28.1666	2.9399	4.4122	12.1203
600652.XSHG	2021-01-27	59.4638	0.8136	8.5354	177.9398
600653.XSHG	2021-01-27	-12.3273	1.7624	0.4632	-5.5699
600654.XSHG	2021-01-27	20.1336	48.8622	0.6398	15.5176
600655.XSHG	2021-01-27	11.8513	1.3651	0.9596	32.2734
600657.XSHG	2021-01-27	3.813	0.4714	0.4647	1.8195
600658.XSHG	2021-01-27	8.3642	0.7835	1.6721	5.7788
600660.XSHG	2021-01-27	69.0453	7.4801	8.1607	-1352.91
600661.XSHG	2021-01-27	-33.696999999999996	5.1199	2.0734	11.8863
600662.XSHG	2021-01-27	-371.6461	2.6508	2.803	13.3639
600663.XSHG	2021-01-27	12.0754	2.2618	3.2291	62.7869
600664.XSHG	2021-01-27	-21.3136	1.6346	0.6217	11.1199
600665.XSHG	2021-01-27	8.2985	0.6859	0.5468	1.1609
600666.XSHG	2021-01-27	-19.4583	2.4898	3.0118	-148.2755
600667.XSHG	2021-01-27	25.1417	2.471	1.0161	57.5967
600668.XSHG	2021-01-27	7.1745	1.0526	1.3955	-29.7723
600671.XSHG	2021-01-27	20.3977	9.6025	4.1293	-102.0371
600673.XSHG	2021-01-27	29.6484	2.1496	1.1774	23.3399
600674.XSHG	2021-01-27	15.5512	1.6941	46.8685	-87.1629
600675.XSHG	2021-01-27	19.2026	1.4126	2.405	-9.9605
600676.XSHG	2021-01-27	-32.5552	0.7794	0.5516	-10.6375
600677.XSHG	2021-01-27	-2.1328	-7.3603	0.4455	19.8109
600678.XSHG	2021-01-27	40.858000000000004	12.1165	7.8339	-36.7786
600679.XSHG	2021-01-27	105.7643	2.8114	4.5494	32.6757
600681.XSHG	2021-01-27	15.6658	1.8130000000000002	1.849	-55.4969
600682.XSHG	2021-01-27	13.5456	0.7819	1.9902	13.6895
600683.XSHG	2021-01-27	16.1985	1.0313	0.5245	-25.9757
600684.XSHG	2021-01-27	14.151	0.8668	0.7952	-8.3149
600685.XSHG	2021-01-27	9.3487	2.6743	2.3574	-18.5952
600686.XSHG	2021-01-27	-47.8389	1.2147	0.327	-18.0719
600687.XSHG	2021-01-27	-0.1382	0.5720000000000001	0.9485	34.5053
600688.XSHG	2021-01-27	-368.9142	1.3272	0.4645	167.7565
600689.XSHG	2021-01-27	-93.7084	2.7779	1.0094	45.2108
600690.XSHG	2021-01-27	44.1271	6.0838	1.4845	38.436
600691.XSHG	2021-01-27	-5.175	1.165	0.3184	6.7812
600692.XSHG	2021-01-27	241.4254	2.4878	4.1151	8.7492
600693.XSHG	2021-01-27	15.286	1.4135	1.4446	-53.0523
600694.XSHG	2021-01-27	11.1208	0.6011	0.4978	-5.3232
600695.XSHG	2021-01-27	70.0446	5.3192	201.8205	-61.3773
600696.XSHG	2021-01-27	660.2249	14.513	69.0834	61.4474
600697.XSHG	2021-01-27	19.4246	0.7708	0.2116	-9.5379
600698.XSHG	2021-01-27	178.6702	3.2384	4.1391	8.1785
600699.XSHG	2021-01-27	-826.2062	2.5483	0.7353	-29.6326
600701.XSHG	2021-01-27	-0.3297	-0.2809	2.3485	-36.249
600702.XSHG	2021-01-27	45.8117	7.1544	9.1955	-255.6202
600703.XSHG	2021-01-27	128.3723	4.7625	17.3412	28.5714
600704.XSHG	2021-01-27	7.8403	0.9084	0.055999999999999994	5.3267
600705.XSHG	2021-01-27	10.2838	1.1371	2.0113	18.9188
600706.XSHG	2021-01-27	-14.5798	1.3198	1.3325	10.9032
600707.XSHG	2021-01-27	-32.394	1.5622	3.3968	8.6027
600708.XSHG	2021-01-27	-67.5306	0.4862	0.5299	-4.2713
600710.XSHG	2021-01-27	11.9985	1.2177	0.0705	-11.7062
600711.XSHG	2021-01-27	51.4448	2.2968	0.4526	228.8834
600712.XSHG	2021-01-27	-41.1094	2.1947	2.0149	53.5373
600713.XSHG	2021-01-27	13.2665	1.0567	0.1154	-3.3736
600714.XSHG	2021-01-27	-134.4396	2.2632	9.0071	205.8493
600715.XSHG	2021-01-27	-4.9304	0.7205	3.8532	-14.9649
600716.XSHG	2021-01-27	33.6906	0.6034	6.1489	6.6103
600717.XSHG	2021-01-27	18.1397	0.6717	0.8623	-28.432
600718.XSHG	2021-01-27	176.1164	1.5005	1.5703	73.6008
600719.XSHG	2021-01-27	389.4893	1.7729	1.7896	3.4492
600720.XSHG	2021-01-27	5.968	1.2518	1.2665	8.1056
600721.XSHG	2021-01-27	-22.9038	1.4628	9.2927	25.9603
600722.XSHG	2021-01-27	156.0526	2.5263	6.2716	654.0104
600723.XSHG	2021-01-27	342.2238	1.3505	1.1362	-2003.5697
600724.XSHG	2021-01-27	13.3861	1.7097	1.8842	8.2036
600725.XSHG	2021-01-27	147.0516	6.3394	1.3664	-219.8952
600726.XSHG	2021-01-27	-10.0535	3.6001	0.3367	22.5693
600727.XSHG	2021-01-27	23.2883	1.3864	2.5032	-3.2807
600728.XSHG	2021-01-27	81.8163	2.2545	2.2208	24.2711
600729.XSHG	2021-01-27	10.7747	1.6096	0.4584	9.5637
600730.XSHG	2021-01-27	-36.0908	1.2296	24.5461	-28.4432
600731.XSHG	2021-01-27	14.3659	2.3758	1.6740000000000002	11.8754
600732.XSHG	2021-01-27	80.2332	7.5399	4.5483	28.994
600733.XSHG	2021-01-27	-13.7564	2.3487	3.5685	-32.1713
600734.XSHG	2021-01-27	-0.19699999999999998	-0.77	1.7455	-47.8464
600735.XSHG	2021-01-27	38.3961	1.8926	1.4288	-70.3013
600736.XSHG	2021-01-27	23.2139	0.7466	0.9928	-22.6683
600737.XSHG	2021-01-27	26.9103	2.3247	0.9862	946.0951
600738.XSHG	2021-01-27	39.9326	2.9232	5.1383	-12.4547
600739.XSHG	2021-01-27	13.306	1.4943	2.1766	24.2998
600740.XSHG	2021-01-27	26.4063	1.1998	2.074	-8.7362
600741.XSHG	2021-01-27	20.6079	1.9061	0.7344	32.6685
600742.XSHG	2021-01-27	10.3727	0.9975	0.2802	2.7388
600743.XSHG	2021-01-27	6.3648	0.5717	0.6786	2.9637
600744.XSHG	2021-01-27	49.6338	1.7767	0.6271	11.0218
600745.XSHG	2021-01-27	48.7855	5.0654	2.5064	23.5657
600746.XSHG	2021-01-27	160.0617	3.1602	3.0639	104.5475
600748.XSHG	2021-01-27	10.5015	0.7744	0.9592	3.3361
600749.XSHG	2021-01-27	-357.6628	1.8105	14.3417	53.6879
600750.XSHG	2021-01-27	13.6106	1.7187	2.6333	-10.6642
600751.XSHG	2021-01-27	10.6139	0.5487	0.0233	-29.9719
600753.XSHG	2021-01-27	213.2251	15.0988	1.0372	159.5566
600754.XSHG	2021-01-27	93.0788	3.7518	4.4748	31.7722
600755.XSHG	2021-01-27	5.1168	0.8076	0.0433	-317.8329
600756.XSHG	2021-01-27	-234.6532	2.0878	3.4233	12.3589
600757.XSHG	2021-01-27	7.6807	0.8096	0.9556	12.4152
600758.XSHG	2021-01-27	-9.4304	0.7651	0.6291	-67.4583
600759.XSHG	2021-01-27	-21.236	0.6996	1.7769	35.1829
600760.XSHG	2021-01-27	79.5557	11.4491	4.2141	-33.3487
600761.XSHG	2021-01-27	14.1048	2.0112	0.9097	11.6632
600763.XSHG	2021-01-27	218.8233	45.9884	52.1749	340.4307
600764.XSHG	2021-01-27	30.0302	3.3441	5.1195	27.156999999999996
600765.XSHG	2021-01-27	56.1018	3.0008	2.8106	10.0822
600766.XSHG	2021-01-27	120.936	15.8569	44.0175	2147.7136
600767.XSHG	2021-01-27	-26.4804	4.8281	9.8703	-87.0062
600768.XSHG	2021-01-27	2657.5481	4.4541	2.4571	-81.5181
600769.XSHG	2021-01-27	418.4349	26.6882	72.5108	734.3972
600770.XSHG	2021-01-27	26.7241	1.8372	16.2943	45.2198
600771.XSHG	2021-01-27	466.9378	4.0692	9.3865	-198.4245
600773.XSHG	2021-01-27	70.4848	2.1086	5.4044	30.7633
600774.XSHG	2021-01-27	-50.9531	6.2608	6.6802	19.0046
600775.XSHG	2021-01-27	226.0111	1.8855	1.5432	95.4812
600776.XSHG	2021-01-27	116.4533	4.6489	5.3532	43.0553
600777.XSHG	2021-01-27	56.7871	0.6026	1.804	-15.1692
600778.XSHG	2021-01-27	-6.5765	1.4082	0.3798	-40.4596
600779.XSHG	2021-01-27	62.7469	22.6633	15.2522	321.9696
600780.XSHG	2021-01-27	17.6943	0.6829999999999999	0.5638	-47.8945
600781.XSHG	2021-01-27	154.2057	0.3194	0.5564	463.2218
600782.XSHG	2021-01-27	5.0341	0.5887	0.195	-5.8581
600783.XSHG	2021-01-27	17.1414	2.705	73.6596	-105.7326
600784.XSHG	2021-01-27	19.5279	1.6559	1.0073	-8.6791
600785.XSHG	2021-01-27	58.4102	1.1275	0.4264	30.8501
600787.XSHG	2021-01-27	34.5256	0.8667	0.2456	36.7104
600789.XSHG	2021-01-27	26.6729	2.0714	1.6384	-37.7543
600790.XSHG	2021-01-27	12.4657	0.8186	5.4311	-26.069000000000003
600791.XSHG	2021-01-27	-25.4981	1.1753	3.6167	2.019
600792.XSHG	2021-01-27	108.484	1.2919999999999998	0.8897	291.4525
600793.XSHG	2021-01-27	-27.01	4.7198	1.8854	-52.3407
600794.XSHG	2021-01-27	23.8627	1.8827	2.6092	9.7174
600795.XSHG	2021-01-27	39.8459	0.7883	0.3544	-36.3787
600796.XSHG	2021-01-27	65.6911	2.3589	3.748	170.4944
600797.XSHG	2021-01-27	87.6543	1.6296	1.815	61.9497
600798.XSHG	2021-01-27	42.4606	1.4618	2.3398	66.7667
600800.XSHG	2021-01-27	-31.9659	2.24	-5.5755	39.5024
600801.XSHG	2021-01-27	7.6722	1.9213	1.4423	-232.6572
600802.XSHG	2021-01-27	7.9439	2.3122	1.0911	-5.5623
600803.XSHG	2021-01-27	232.1225	5.795	6.0655	85.6492
600804.XSHG	2021-01-27	-2.4384	4.007	1.7704	-35.7235
600805.XSHG	2021-01-27	-8.7068	0.5539	1.2308	24.5601
600807.XSHG	2021-01-27	-671.5964	2.6786	2.3511	153.1431
600808.XSHG	2021-01-27	16.2732	0.7124	0.2518	17.2301
600809.XSHG	2021-01-27	117.7002	34.5966	24.191	241.7743
600810.XSHG	2021-01-27	-384.9341	1.6985	0.8179	2.7464
600811.XSHG	2021-01-27	20.4859	0.5637	0.8049	-203.1409
600812.XSHG	2021-01-27	77.676	2.6172	1.2841	6.0849
600814.XSHG	2021-01-27	13.2292	1.4151	1.2488	13.2851
600815.XSHG	2021-01-27	-6.4863	2.7431	2.2203	121.8474
600816.XSHG	2021-01-27	-1.0847	2.1212	121.7063	-255.6066
600817.XSHG	2021-01-27	-2338.755	2.8951	80.0156	106.4229
600818.XSHG	2021-01-27	-162.2315	4.7025	3.8681	39.092
600819.XSHG	2021-01-27	24.874000000000002	1.3562	1.1231	55.1544
600820.XSHG	2021-01-27	8.4138	0.7403	0.3549	12.5183
600821.XSHG	2021-01-27	-262.4779	1.7562	6.4898	-22.2724
600822.XSHG	2021-01-27	90.3972	6.7959	0.6122	-23.7125
600823.XSHG	2021-01-27	8.4938	0.6504	0.9077	1.9924
600824.XSHG	2021-01-27	178.1727	1.3722	3.0069	41.8232
600825.XSHG	2021-01-27	329.4576	1.5931	3.4912	41.1685
600826.XSHG	2021-01-27	61.8311	0.9222	1.3839	24.2799
600827.XSHG	2021-01-27	49.996	1.8730000000000002	0.8601	11.1064
600828.XSHG	2021-01-27	8.6016	0.9366	1.0126	-7.4231
600829.XSHG	2021-01-27	17.0169	1.7006	0.4292	-610.2892
600830.XSHG	2021-01-27	241.7078	1.038	9.1324	15.1917
600831.XSHG	2021-01-27	-30.5123	1.1762	1.6477	10.9444
600833.XSHG	2021-01-27	28.8601	2.7878	1.3795	9.1832
600834.XSHG	2021-01-27	53.4788	2.7258	13.4248	14.2446
600835.XSHG	2021-01-27	18.6934	1.7347	0.9087	-26.0961
600836.XSHG	2021-01-27	18.2503	3.4064	1.5517	-532.3027
600837.XSHG	2021-01-27	15.0537	1.0555	4.3125	14.130999999999998
600838.XSHG	2021-01-27	37.2675	1.8506	29.028000000000002	-13.7307
600839.XSHG	2021-01-27	-113.3394	0.9602	0.1355	13.0038
600841.XSHG	2021-01-27	43.2034	1.8061	1.2742	-18.8141
600843.XSHG	2021-01-27	65.6143	1.2651	0.963	14.4474
600844.XSHG	2021-01-27	-12.7938	3.7904	4.7734	1178.0994
600845.XSHG	2021-01-27	61.9652	11.1361	9.5638	135.2934
600846.XSHG	2021-01-27	6.8856	1.5812	0.7094	-6.4443
600847.XSHG	2021-01-27	142.6241	2.0212	2.4441	-337.1583
600848.XSHG	2021-01-27	29.869	2.833	10.9229	18.4902
600850.XSHG	2021-01-27	34.6694	3.9537	1.3674	30.4263
600851.XSHG	2021-01-27	68.1062	2.1422	8.9505	127.12700000000001
600853.XSHG	2021-01-27	9.595	1.3236	0.1927	2.2289
600854.XSHG	2021-01-27	44.64	0.821	6.8042	-693.7928
600855.XSHG	2021-01-27	47.5252	3.5543	2.3095	16.1623
600856.XSHG	2021-01-27	-0.4503	8.8912	3.9622	-69.6116
600857.XSHG	2021-01-27	110.5664	3.7044	2.1843	21.5789
600858.XSHG	2021-01-27	-15.5711	1.0591	0.4378	-5.5698
600859.XSHG	2021-01-27	76.0094	2.1909	1.905	-5.9775
600860.XSHG	2021-01-27	-20.7768	4.15	1.8769	30.9344
600861.XSHG	2021-01-27	-43.5444	2.0732	3.9810000000000003	357.0772
600862.XSHG	2021-01-27	76.2967	10.7684	17.5467	145.165
600863.XSHG	2021-01-27	12.5799	1.1547	0.8933	-29.9869
600864.XSHG	2021-01-27	-100.9535	1.0176	4.5891	15.5947
600865.XSHG	2021-01-27	11.8186	1.4987	6.1024	-12.7024
600866.XSHG	2021-01-27	21.825	1.8406	2.9679	-628.8609
600867.XSHG	2021-01-27	25.1147	4.2696	7.9759	-411.6419
600868.XSHG	2021-01-27	161.0437	2.3347	29.4243	30.0305
600869.XSHG	2021-01-27	-74.0875	1.5042	0.3904	133.5748
600870.XSHG	2021-01-27	-2011.1986	237.7702	74.813	-1330.7992
600871.XSHG	2021-01-27	83.0768	4.779	0.5112	-105.8883
600872.XSHG	2021-01-27	67.6536	12.9366	11.4739	87.7165
600873.XSHG	2021-01-27	18.2198	1.9363	1.0969	-84.5182
600874.XSHG	2021-01-27	15.4243	1.3282	2.5296	-111.6939
600875.XSHG	2021-01-27	25.3968	1.3311	1.0899	47.7295
600876.XSHG	2021-01-27	98.2475	6.3741	3.9555	-276.1632
600877.XSHG	2021-01-27	95.8935	31.916999999999998	24.8613	563.6759999999999
600879.XSHG	2021-01-27	41.8937	1.4998	1.4354	-346.7642
600880.XSHG	2021-01-27	69.8288	1.5009	9.9377	25.4
600881.XSHG	2021-01-27	74.2827	0.633	0.4951	-4.883
600882.XSHG	2021-01-27	410.7215	16.7417	10.0586	-211.8686
600883.XSHG	2021-01-27	130.5929	2.5781	71.4771	340.9357
600884.XSHG	2021-01-27	109.5921	2.4051	3.6822	23.5402
600885.XSHG	2021-01-27	56.4465	7.947	5.7087	-515.7653
600886.XSHG	2021-01-27	10.7077	1.5136	1.5133	-52.4943
600887.XSHG	2021-01-27	38.3596	9.8967	2.9489	21.0522
600888.XSHG	2021-01-27	23.9423	1.2868	1.1675	-6.5019
600889.XSHG	2021-01-27	-11.7697	1.1162	3.8912	-2.3537
600890.XSHG	2021-01-27	72.8913	8.0178	16.3351	21.0315
600891.XSHG	2021-01-27	-1.4507	-0.4196	3.0597	26.9663
600892.XSHG	2021-01-27	-3.3347	6.2805	5.8574	135.6052
600893.XSHG	2021-01-27	133.8897	4.8777	6.2308	1312.7015
600894.XSHG	2021-01-27	10.9667	0.8204	0.9964	19.9066
600895.XSHG	2021-01-27	23.3019	2.5848	20.6334	-44.8161
600896.XSHG	2021-01-27	-26.1531	1.9536	80.0458	82.7434
600897.XSHG	2021-01-27	22.5086	1.3315	3.8258	-39.9032
600898.XSHG	2021-01-27	-1.6818	-4.2717	1.9847	8.9828
600900.XSHG	2021-01-27	18.1846	2.633	7.9732	228.6164
600901.XSHG	2021-01-27	8.6431	1.2334	4.2081	141.9624
600903.XSHG	2021-01-27	59.0543	4.1435	2.8531	-36.2677
600908.XSHG	2021-01-27	9.0584	0.8497	3.0505	-2.0283
600909.XSHG	2021-01-27	20.0528	1.7881	6.897	8.4177
600917.XSHG	2021-01-27	23.6679	2.2119	1.4474	26.5844
600918.XSHG	2021-01-27	35.8331	3.0056	9.9907	27.6103
600919.XSHG	2021-01-27	5.431	0.5927	1.5727	1.8801
600926.XSHG	2021-01-27	12.8385	1.4119	3.6746	-1.8428
600928.XSHG	2021-01-27	8.772	0.9415	3.3876	4.9595
600929.XSHG	2021-01-27	36.5946	1.8111	2.1229	18.491
600933.XSHG	2021-01-27	34.0706	3.2378	5.558	28.7085
600936.XSHG	2021-01-27	-174.5915	1.3605	2.4255	47.4097
600939.XSHG	2021-01-27	27.2581	0.9228	0.1157	3.6247
600956.XSHG	2021-01-27	23.6086	2.7479	2.5196	101.0656
600958.XSHG	2021-01-27	19.0691	1.2873	3.3218	2.93
600959.XSHG	2021-01-27	66.8764	0.7208	2.0869	-6.9237
600960.XSHG	2021-01-27	48.0928	0.7103	0.7242	-24.8058
600961.XSHG	2021-01-27	13.7224	-2.5211	0.2126	-43.2086
600962.XSHG	2021-01-27	-1092.4142	2.2453	1.2841	89.8373
600963.XSHG	2021-01-27	17.6999	0.9746	1.1641	229.8562
600965.XSHG	2021-01-27	30.087	2.0469999999999997	3.7725	-24.6052
600966.XSHG	2021-01-27	41.0636	3.7247	1.7131	56.2101
600967.XSHG	2021-01-27	29.3015	1.9007	1.4539	21.6246
600968.XSHG	2021-01-27	16.4219	1.2191	0.7188	-86.5763
600969.XSHG	2021-01-27	66.5381	0.6183	0.7219	-4.3098
600970.XSHG	2021-01-27	9.209	1.2674	0.5835	72.3079
600971.XSHG	2021-01-27	8.0048	0.7338	1.3604	21.6319
600973.XSHG	2021-01-27	30.2918	1.3155	0.1735	9.7459
600975.XSHG	2021-01-27	15.5419	3.8455	2.1532	42.1752
600976.XSHG	2021-01-27	31.7287	3.5242	2.2669	106.5161
600977.XSHG	2021-01-27	-60.4697	2.0756	6.6249	-41.6366
600978.XSHG	2021-01-27	-1.337	0.1889	0.5911	-0.5727
600979.XSHG	2021-01-27	17.7027	0.9131	1.6947	-17.9886
600980.XSHG	2021-01-27	54.5595	3.9255	4.8553	-593.8953
600981.XSHG	2021-01-27	21.593000000000004	1.2355	0.18	139.7442
600982.XSHG	2021-01-27	21.4482	0.9949	0.799	-17.6862
600983.XSHG	2021-01-27	-12.2414	1.2489	0.9521	-9.5777
600984.XSHG	2021-01-27	21.4623	1.8996	2.9245	8.3892
600985.XSHG	2021-01-27	6.848	1.1662	0.3808	39.8134
600986.XSHG	2021-01-27	-2.1974	1.5243	0.4798	18.9754
600987.XSHG	2021-01-27	9.3842	1.2025	1.123	11.4938
600988.XSHG	2021-01-27	52.696999999999996	7.1037	5.416	-212.951
600989.XSHG	2021-01-27	29.6289	5.0015	8.0751	-185.8436
600990.XSHG	2021-01-27	65.9737	2.9891	2.2206	185.7033
600992.XSHG	2021-01-27	47.0043	0.9972	0.7074	15.6376
600993.XSHG	2021-01-27	21.8346	3.1274	3.4360000000000004	12.2106
600995.XSHG	2021-01-27	16.5646	1.4261	1.5967	-20.7561
600996.XSHG	2021-01-27	49.5189	1.1707	1.4449	-10.3373
600997.XSHG	2021-01-27	12.3811	0.9879	0.654	-8.3229
600998.XSHG	2021-01-27	12.127	1.8414	0.3246	28.1224
600999.XSHG	2021-01-27	22.5861	2.4636	9.2679	11.5815
601000.XSHG	2021-01-27	7.3889	0.7704	1.5617	13.3802
601001.XSHG	2021-01-27	8.4426	1.1216	0.7804	4.0507
601002.XSHG	2021-01-27	41.4103	1.3799	2.0957	-19.4161
601003.XSHG	2021-01-27	7.0335	1.2925	0.2914	-3.6287
601005.XSHG	2021-01-27	21.8262	0.6359	0.5214	5.5595
601006.XSHG	2021-01-27	9.1346	0.8239	1.3165	622.1846
601007.XSHG	2021-01-27	71.0077	1.4643	2.0919	16.3902
601008.XSHG	2021-01-27	410.441	1.1941	2.7688	-3.7453
601009.XSHG	2021-01-27	6.4222	0.866	2.4598	-10.8107
601010.XSHG	2021-01-27	21.3123	1.1023	1.6722	156.3384
601011.XSHG	2021-01-27	399.8372	1.0442	2.77	-58.2872
601012.XSHG	2021-01-27	56.9089	14.299000000000001	10.5352	50.4551
601015.XSHG	2021-01-27	297.749	2.164	1.4799	-819.1386
601016.XSHG	2021-01-27	30.9706	1.9384	7.1610000000000005	15.6569
601018.XSHG	2021-01-27	19.1376	1.1798	3.0421	9.8751
601019.XSHG	2021-01-27	9.7954	1.0801	1.2675	8.3498
601020.XSHG	2021-01-27	43.7431	1.9905	1.8105	-711.6395
601021.XSHG	2021-01-27	-2009.3067	3.7153	5.3888	48.9314
601028.XSHG	2021-01-27	72.824	4.3199	0.8683	-21.671
601038.XSHG	2021-01-27	20.2426	2.092	1.3377	22.8121
601058.XSHG	2021-01-27	17.0806	2.9961	1.6182	18.6684
601066.XSHG	2021-01-27	32.4806	4.56	13.2274	12.3459
601068.XSHG	2021-01-27	-57.6733	1.2158	0.3623	18.8645
601069.XSHG	2021-01-27	260.1791	4.7432	1.5873	88.37100000000001
601077.XSHG	2021-01-27	5.4991	0.5294	1.7711	-13.3316
601086.XSHG	2021-01-27	35.0753	1.3718	1.895	-7.551
601088.XSHG	2021-01-27	9.0626	1.0051	1.5644	7.9758
601098.XSHG	2021-01-27	11.4739	1.1863	1.5863	130.4819
601099.XSHG	2021-01-27	139.359	2.1495	19.2374	-56.3607
601100.XSHG	2021-01-27	85.5723	24.2469	22.945	237.9087
601101.XSHG	2021-01-27	-18.5394	0.6481	0.9932	-3.7333
601106.XSHG	2021-01-27	148.2002	1.7730000000000001	1.105	30.2984
601107.XSHG	2021-01-27	39.9515	0.606	1.8249	-25.9145
601108.XSHG	2021-01-27	16.4917	1.8125	6.2788	6.7454
601111.XSHG	2021-01-27	-9.8679	1.2695	1.2662	74.0164
601113.XSHG	2021-01-27	-2.5394	0.8119	0.3757	-28.6276
601116.XSHG	2021-01-27	42.9872	1.6399	1.2125	-34.0889
601117.XSHG	2021-01-27	8.454	0.8459	0.2662	4.5009
601118.XSHG	2021-01-27	-492.6489	2.3742	1.5472	25.1434
601126.XSHG	2021-01-27	16.953	1.3143	1.2703	5.2568
601127.XSHG	2021-01-27	-100.2157	4.1076	1.5048	-14.5738
601128.XSHG	2021-01-27	10.6716	1.0732	2.9232	-19.8375
601137.XSHG	2021-01-27	18.1502	1.6448	1.0602	103.0257
601138.XSHG	2021-01-27	17.1406	3.1054	0.7178	32.1915
601139.XSHG	2021-01-27	13.9083	1.5675	1.2393	9.8113
601155.XSHG	2021-01-27	7.7589	2.66	0.8386	10.6579
601158.XSHG	2021-01-27	14.0184	1.5885	4.0536	392.7003
601162.XSHG	2021-01-27	44.1881	1.9963	7.4879999999999995	16.5107
601163.XSHG	2021-01-27	13.1629	1.2976	1.67	-49.6912
601166.XSHG	2021-01-27	7.3118	0.9197	2.3982	-12.1316
601168.XSHG	2021-01-27	30.2976	2.9344	1.0611	-66.3417
601169.XSHG	2021-01-27	5.0717	0.5158	1.5984	-2.5492
601177.XSHG	2021-01-27	37.0898	1.7398	1.5722	23.6014
601179.XSHG	2021-01-27	66.1913	1.1181	1.4443	88400.7188
601186.XSHG	2021-01-27	5.2752	0.5991	0.1204	7.4592
601187.XSHG	2021-01-27	15.4954	1.5846	5.4474	-36.9065
601188.XSHG	2021-01-27	15.5952	0.7624	3.8942	-11.0829
601198.XSHG	2021-01-27	22.4476	1.4856	5.8957	-26.4371
601199.XSHG	2021-01-27	15.9688	1.129	3.6001	5.0879
601200.XSHG	2021-01-27	17.3589	1.3492	2.8675	-16.5495
601208.XSHG	2021-01-27	44.7852	2.8773	3.5872	-6384.354
601211.XSHG	2021-01-27	13.5849	1.2092	4.2749	4.296
601212.XSHG	2021-01-27	-59.3762	1.3343	0.2805	26.1207
601216.XSHG	2021-01-27	15.5183	2.2725	2.9018	7.7247
601218.XSHG	2021-01-27	21.8339	1.6466	2.3415	66.8921
601222.XSHG	2021-01-27	15.8425	1.4212	2.8313	15.8672
601225.XSHG	2021-01-27	8.0137	1.6739	1.2968	11.1179
601226.XSHG	2021-01-27	75.9606	1.1835	0.5259	-13.8043
601228.XSHG	2021-01-27	23.0442	1.4473	1.7806	27.5819
601229.XSHG	2021-01-27	5.4894	0.6726	2.2592	49.6164
601231.XSHG	2021-01-27	27.1315	3.3517	0.9345	28.8149
601233.XSHG	2021-01-27	25.6589	2.9093	1.2428	-817.8175
601236.XSHG	2021-01-27	45.5293	4.026	13.5268	78.4304
601238.XSHG	2021-01-27	22.0334	1.3913	1.9463	-33.0502
601258.XSHG	2021-01-27	4.6526	0.9992	0.4194	-4.0752
601288.XSHG	2021-01-27	5.6029	0.6013	1.6947	20.9642
601298.XSHG	2021-01-27	10.852	1.285	3.2289	-88.1938
601311.XSHG	2021-01-27	17.0199	1.5887	1.1619	-20.949
601318.XSHG	2021-01-27	12.3533	2.1390000000000002	1.2722	13.797
601319.XSHG	2021-01-27	13.7801	1.3863	0.4658	-103.977
601326.XSHG	2021-01-27	14.3746	0.9789	2.3337	-39.8903
601328.XSHG	2021-01-27	4.7633	0.4685	1.3772	4.0415
601330.XSHG	2021-01-27	21.8336	2.1053	5.292000000000001	83.595
601333.XSHG	2021-01-27	-12.0229	0.5409	0.8734	-43.802
601336.XSHG	2021-01-27	12.524000000000001	1.6899	0.7497	-30.4409
601339.XSHG	2021-01-27	32.1983	0.7379	0.9954	-28.247
601360.XSHG	2021-01-27	50.6498	3.6094	11.2624	-411.1376
601366.XSHG	2021-01-27	55.3962	1.2992	0.6113	14.2114
601368.XSHG	2021-01-27	15.4232	1.0069	2.8665	-5.7741
601369.XSHG	2021-01-27	22.0217	2.173	1.8881	6.9679
601375.XSHG	2021-01-27	-167.5684	1.8209	9.3907	8.5338
601377.XSHG	2021-01-27	18.5132	1.526	3.3223	6.5047
601388.XSHG	2021-01-27	19.5107	2.124	1.2239	68.3602
601390.XSHG	2021-01-27	5.0702	0.6634	0.1386	3.8759
601398.XSHG	2021-01-27	6.2485	0.7003	2.0677	-77.7798
601399.XSHG	2021-01-27	53.6667	1.9951	2.8359	-33.0786
601456.XSHG	2021-01-27	78.8252	3.7841	22.3016	22.9502
601500.XSHG	2021-01-27	47.5062	1.2517	1.4317	-10.5281
601512.XSHG	2021-01-27	13.9203	1.2757	4.1688	-105.0659
601515.XSHG	2021-01-27	27.0721	1.8004	2.533	72.6541
601518.XSHG	2021-01-27	45.0613	0.7867	4.4123	-21.1618
601519.XSHG	2021-01-27	174.9767	12.6522	27.0208	123.194
601555.XSHG	2021-01-27	21.0842	1.2245	5.1445	6.3783
601566.XSHG	2021-01-27	22.8616	1.4606	2.3358	27.9046
601567.XSHG	2021-01-27	8.4866	1.0289	1.1621	-22.4228
601568.XSHG	2021-01-27	19.5377	2.6039	3.19	761.9185
601577.XSHG	2021-01-27	6.294	0.8763	1.8657	7.6519
601579.XSHG	2021-01-27	34.3173	1.6277	4.6901	215.5439
601588.XSHG	2021-01-27	15.6903	0.5254	0.5047	-2.488
601595.XSHG	2021-01-27	-19.515	2.2497	11.2936	-63.0658
601598.XSHG	2021-01-27	10.9636	1.0268	0.3609	417.2238
601599.XSHG	2021-01-27	-1.085	4.0283	1.2761	40.6955
601600.XSHG	2021-01-27	115.3326	1.136	0.3195	-22.8176
601601.XSHG	2021-01-27	14.9562	1.8054	0.8796	40.0804
601606.XSHG	2021-01-27	78.0238	3.3374	5.3203	31.0602
601607.XSHG	2021-01-27	12.4391	1.2012	0.2861	9.1458
601608.XSHG	2021-01-27	70.536	2.121	2.6444	44.7446
601609.XSHG	2021-01-27	26.5407	2.1475	0.3321	113.7453
601611.XSHG	2021-01-27	17.1216	2.0099	0.3007	60.3551
601615.XSHG	2021-01-27	39.2399	3.3278	2.4123	9.5106
601616.XSHG	2021-01-27	13.3373	0.9987	2.3573	-10.7475
601618.XSHG	2021-01-27	8.5238	0.8255	0.1615	8.6435
601619.XSHG	2021-01-27	33.5688	2.4629	7.8411	41.938
601628.XSHG	2021-01-27	22.3862	2.5557	1.3129	-127.463
601633.XSHG	2021-01-27	71.8318	6.7444	3.7501	222.3847
601636.XSHG	2021-01-27	21.2589	3.9771	3.7261	285.4452
601658.XSHG	2021-01-27	8.1292	0.9136	1.7106	-3.4272
601666.XSHG	2021-01-27	9.4103	0.8461	0.5459	-8.0741
601668.XSHG	2021-01-27	4.7681	0.7334	0.1348	7.9284
601669.XSHG	2021-01-27	8.1448	0.6659999999999999	0.1578	-17.2364
601677.XSHG	2021-01-27	9.7665	1.2106	0.6007	29.8503
601678.XSHG	2021-01-27	25.3382	1.3427	1.4147	4.436
601686.XSHG	2021-01-27	12.7404	2.8619	0.3827	44.2527
601688.XSHG	2021-01-27	14.2043	1.2741	5.1489	4.1577
601689.XSHG	2021-01-27	99.0954	6.6453	8.4855	135.1188
601696.XSHG	2021-01-27	73.2736	4.2657	18.8738	9.2205
601698.XSHG	2021-01-27	162.498	6.0805	25.991	286.8432
601699.XSHG	2021-01-27	11.3439	0.6509	0.6852	-5.369
601700.XSHG	2021-01-27	-15.9772	1.9844	1.8905	-78.4977
601702.XSHG	2021-01-27	29.1035	2.6162	1.7641	19.862000000000002
601717.XSHG	2021-01-27	15.8486	1.4543	0.7258	21.1854
601718.XSHG	2021-01-27	273.9262	0.7347	0.8038	192.4631
601727.XSHG	2021-01-27	23.017	1.2898	0.6204	35.4274
601766.XSHG	2021-01-27	19.0658	1.4029	0.8808	-80.0795
601777.XSHG	2021-01-27	-4.7885	-34.0799	7.8071	-43.3883
601778.XSHG	2021-01-27	28.9388	1.6642	4.0419	13.1913
601788.XSHG	2021-01-27	47.6872	1.5211	6.2574	373.48400000000004
601789.XSHG	2021-01-27	14.2969	1.2235	0.1818	-26.4787
601798.XSHG	2021-01-27	-101.8711	1.0326	1.5821	-366.3135
601799.XSHG	2021-01-27	61.5261	11.1747	8.8203	65.7316
601800.XSHG	2021-01-27	6.8728	0.5681	0.1959	10.9709
601801.XSHG	2021-01-27	15.1185	0.8584	1.0921	-1.8772
601808.XSHG	2021-01-27	29.0081	1.9348	2.356	233.308
601811.XSHG	2021-01-27	9.4589	1.1291	1.2448	-50.8911
601816.XSHG	2021-01-27	37.5332	1.4685	10.2114	-232.6019
601818.XSHG	2021-01-27	5.8712	0.6373	1.558	-18.5601
601827.XSHG	2021-01-27	18.4652	1.6374	2.5448	11.6158
601828.XSHG	2021-01-27	15.7726	0.8076	2.7002	-17.4334
601838.XSHG	2021-01-27	6.5344	0.9844	2.7104	2.9979
601857.XSHG	2021-01-27	41.1472	0.6274	0.3568	-21.0713
601858.XSHG	2021-01-27	14.7765	1.7863	2.8805	4.7595
601860.XSHG	2021-01-27	10.2092	1.0371	3.1946	5.4132
601865.XSHG	2021-01-27	82.446	10.925999999999998	15.4726	97.6602
601866.XSHG	2021-01-27	18.7999	2.2048	2.3822	-8.1354
601869.XSHG	2021-01-27	34.1659	2.1235	2.367	148.0244
601872.XSHG	2021-01-27	8.1383	1.3337	2.3557	6.7305
601877.XSHG	2021-01-27	22.0631	3.341	2.8085	427.0087
601878.XSHG	2021-01-27	29.5614	2.4861	4.5327	57.4881
601880.XSHG	2021-01-27	27.8647	1.2862	3.7341	29.0878
601881.XSHG	2021-01-27	15.9883	1.5083	4.8626	5.5641
601882.XSHG	2021-01-27	50.464	4.2863	3.9957	24.2399
601886.XSHG	2021-01-27	22.6925	0.7985	0.3501	13.67
601888.XSHG	2021-01-27	162.0506	29.5052	12.3509	535.0373
601890.XSHG	2021-01-27	60.6612	1.7517	4.5515	16.1842
601898.XSHG	2021-01-27	14.2856	0.5749	0.4244	20.7001
601899.XSHG	2021-01-27	45.1983	5.516	1.6035	312.4084
601900.XSHG	2021-01-27	10.8076	1.1022	1.0603	11.0244
601901.XSHG	2021-01-27	52.5901	1.8639	10.1218	38.3591
601908.XSHG	2021-01-27	54.3702	2.7735	7.8147	-287.409
601916.XSHG	2021-01-27	7.1377	0.7443	1.7889	1.8344
601918.XSHG	2021-01-27	9.0984	1.1072	0.9209	-38.3052
601919.XSHG	2021-01-27	20.8649	4.5529	1.1296	22.2259
601928.XSHG	2021-01-27	12.3227	1.1189	1.3338	-4.5145
601929.XSHG	2021-01-27	175.7542	0.8365	3.04	-11.1458
601933.XSHG	2021-01-27	32.435	3.1773	0.7086	14.6082
601939.XSHG	2021-01-27	6.806	0.7639	2.2817	8.3279
601949.XSHG	2021-01-27	14.2392	1.5233	1.7848	218.725
601952.XSHG	2021-01-27	24.9983	2.6637	1.9369999999999998	60.3867
601956.XSHG	2021-01-27	45.528999999999996	4.6564	0.9026	-43.1261
601958.XSHG	2021-01-27	76.733	1.4829	2.1783	-23.9039
601965.XSHG	2021-01-27	32.0369	3.5505	5.2604	35.3359
601966.XSHG	2021-01-27	30.3464	3.8773	3.4787	60.562
601968.XSHG	2021-01-27	33.4397	2.8284	1.1496	59.6356
601969.XSHG	2021-01-27	128.5806	2.612	3.8475	178.0185
601975.XSHG	2021-01-27	6.7274	1.9998	2.7242	10.6953
601985.XSHG	2021-01-27	15.0437	1.469	1.7874	-18.4405
601988.XSHG	2021-01-27	5.3776	0.5426	1.6611	1.7801
601989.XSHG	2021-01-27	-114.3478	1.0935	2.4165	25.0983
601990.XSHG	2021-01-27	51.3019	2.5331	16.2536	28.6239
601991.XSHG	2021-01-27	18.9667	1.0116	0.4503	-24.1554
601992.XSHG	2021-01-27	11.0205	0.6321	0.3082	4.43
601995.XSHG	2021-01-27	51.9737	4.8147	14.575	8.4087
601996.XSHG	2021-01-27	21.6006	1.1171	1.7926	-42.2965
601997.XSHG	2021-01-27	4.3529	0.6859999999999999	1.6118	-5.7701
601998.XSHG	2021-01-27	5.2352	0.546	1.3168	3.5625
601999.XSHG	2021-01-27	18.1288	1.2938	1.2713	-66.8443
603000.XSHG	2021-01-27	56.1992	6.0562	9.0811	546.2073
603001.XSHG	2021-01-27	-37.8663	0.7817	1.2107	10.8627
603002.XSHG	2021-01-27	40.8238	1.9172	2.8182	-48.5344
603003.XSHG	2021-01-27	52.8344	0.7252	0.2746	4.5594
603005.XSHG	2021-01-27	77.2152	7.7177	25.4838	219.2989
603006.XSHG	2021-01-27	27.7079	1.5039	1.8819	-90.0485
603007.XSHG	2021-01-27	63.0436	1.4971	1.9973	22.8525
603008.XSHG	2021-01-27	25.3347	2.4647	1.3914	45.4503
603009.XSHG	2021-01-27	-12.9637	1.2095	1.4216	-279.529
603010.XSHG	2021-01-27	35.7952	6.3253	4.4282	340.1983
603011.XSHG	2021-01-27	54.7326	1.2603	2.9151	33.1233
603012.XSHG	2021-01-27	11.3499	1.3428	1.6025	-55.4718
603013.XSHG	2021-01-27	13.8095	2.0846	0.7476	12.6092
603015.XSHG	2021-01-27	36.6225	1.8662	3.3523	36.3903
603016.XSHG	2021-01-27	45.9111	3.4785	6.3063	-157.6123
603017.XSHG	2021-01-27	11.7435	1.319	1.3774	-1801.4174
603018.XSHG	2021-01-27	10.4098	1.8497	1.158	16.059
603019.XSHG	2021-01-27	70.453	4.2889	5.4076	-120.3092
603020.XSHG	2021-01-27	17.063	1.2934	1.1046	-18.8079
603021.XSHG	2021-01-27	-22.3391	1.3704	1.6645	-64.9559
603022.XSHG	2021-01-27	64.6581	3.0797	3.1481	37.6526
603023.XSHG	2021-01-27	183.601	2.803	22.3566	-25.1031
603025.XSHG	2021-01-27	146.4118	14.0086	30.2826	153.5433
603026.XSHG	2021-01-27	221.8735	7.5456	3.5013	89.7816
603027.XSHG	2021-01-27	112.391	16.837	19.4659	-159.5325
603028.XSHG	2021-01-27	68.9168	3.1513	3.4586	281.2763
603029.XSHG	2021-01-27	252.6802	1.5327	2.2567	14.0877
603030.XSHG	2021-01-27	14.9541	1.0369	0.4223	17.01
603031.XSHG	2021-01-27	300.7461	3.9181	1.3488	-294.7415
603032.XSHG	2021-01-27	-2359.6724	2.2405	26.8704	-2033.5629
603033.XSHG	2021-01-27	56.902	3.2094	5.859	-190.5709
603035.XSHG	2021-01-27	15.1592	1.2684	2.1192	200.5389
603036.XSHG	2021-01-27	23.5988	1.4513	5.5148	18.9486
603037.XSHG	2021-01-27	27.6632	1.8656	3.4534	-12.235
603038.XSHG	2021-01-27	55.3513	2.0369	2.3896	-819.8345
603039.XSHG	2021-01-27	129.8242	19.7479	13.9256	79.1396
603040.XSHG	2021-01-27	19.3361	3.3514	8.2439	-123.6281
603041.XSHG	2021-01-27	17.7678	2.1864	5.276	5.9665
603042.XSHG	2021-01-27	78.9955	2.1912	1.3957	-130.7293
603043.XSHG	2021-01-27	38.5791	6.6396	4.935	427.8385
603045.XSHG	2021-01-27	28.3483	1.7891	0.7487	37.0068
603050.XSHG	2021-01-27	17.9067	1.6368	1.2677	61.6112
603053.XSHG	2021-01-27	22.8542	2.5723	2.2642	52.8566
603055.XSHG	2021-01-27	46.6218	1.5093	1.8628	-97.3688
603056.XSHG	2021-01-27	28.3707	3.3258	0.546	24.9694
603058.XSHG	2021-01-27	22.6653	3.324	8.5669	163.1872
603059.XSHG	2021-01-27	24.523000000000003	2.2536	2.9013	55.3038
603060.XSHG	2021-01-27	40.9976	6.8313	6.4163	80.4497
603063.XSHG	2021-01-27	30.3851	2.8085	3.6342	-103.5131
603066.XSHG	2021-01-27	27.9819	2.2802	3.5605	92.8546
603067.XSHG	2021-01-27	22.3339	1.7384	2.5691	134.3567
603068.XSHG	2021-01-27	80.6044	5.8664	12.3836	516.5258
603069.XSHG	2021-01-27	-68.8699	5.9373	9.3036	-29.9347
603076.XSHG	2021-01-27	1544.9563	3.9391	4.2056	98.7747
603077.XSHG	2021-01-27	-80.5321	1.0836	2.3134	-188.5815
603078.XSHG	2021-01-27	106.4568	4.2741	8.8005	-264.2211
603079.XSHG	2021-01-27	18.0237	2.7951	4.5005	38.8921
603080.XSHG	2021-01-27	18.0887	1.3313	2.2543	9.7531
603081.XSHG	2021-01-27	16.1895	2.0682	1.8762	-81.4592
603083.XSHG	2021-01-27	-31.0809	1.6353	1.0006	-395.7765
603085.XSHG	2021-01-27	-6.1381	3.1711	2.3347	39.6283
603086.XSHG	2021-01-27	13.1746	1.4083	1.3258	30.8033
603087.XSHG	2021-01-27	73.0566	10.3715	26.9316	2022.7036
603088.XSHG	2021-01-27	23.5968	2.9838	4.0044	70.6251
603089.XSHG	2021-01-27	50.0649	1.8746	1.6444	29.5988
603090.XSHG	2021-01-27	55.7687	2.4432	3.4437	-259.5874
603093.XSHG	2021-01-27	137.0048	3.6518	0.9252	-16.8
603095.XSHG	2021-01-27	24.1023	1.546	4.5234	5.1055
603096.XSHG	2021-01-27	27.8691	2.9506	6.6802	31.2631
603098.XSHG	2021-01-27	23.2983	1.9104	1.3385	9.3224
603099.XSHG	2021-01-27	-42.3068	1.9054	10.9354	-17.3835
603100.XSHG	2021-01-27	19.7923	2.1832	1.3586	18.7889
603101.XSHG	2021-01-27	-198.9009	1.4455	0.7606	42.9167
603103.XSHG	2021-01-27	-28.1131	4.6931	8.2915	35.2488
603105.XSHG	2021-01-27	56.6979	2.6762	9.1505	-208.0233
603106.XSHG	2021-01-27	1663.8391	1.6886	2.4194	-21.8113
603108.XSHG	2021-01-27	26.2639	2.2198	0.9807	28.0864
603109.XSHG	2021-01-27	28.08	2.4138	2.4869	14.2525
603110.XSHG	2021-01-27	130.12	11.645	17.4756	799.8036
603111.XSHG	2021-01-27	6.5459	1.8478	1.6129	23.5226
603112.XSHG	2021-01-27	26.2008	2.9893	2.6491	14.6289
603113.XSHG	2021-01-27	21.1997	2.4227	2.3417	-409.2635
603115.XSHG	2021-01-27	25.858	2.4282	2.4844	-19.4145
603116.XSHG	2021-01-27	41.3552	0.9261	1.3096	10.5451
603117.XSHG	2021-01-27	48.4769	0.93	2.6032	59.8411
603118.XSHG	2021-01-27	20.4533	1.5133	0.8741	-88.86200000000001
603121.XSHG	2021-01-27	36.7995	2.3523	4.2128	-156.937
603123.XSHG	2021-01-27	489.4799	1.0915	2.5105	39.3529
603126.XSHG	2021-01-27	35.204	2.1011	1.4287	10.607000000000001
603127.XSHG	2021-01-27	151.1432	33.3401	35.9563	1039.1511
603128.XSHG	2021-01-27	32.4439	3.6465	1.2615	27.9349
603129.XSHG	2021-01-27	70.2142	17.9285	5.9101	98.3373
603131.XSHG	2021-01-27	70.4704	6.1651	7.8152	17.4125
603133.XSHG	2021-01-27	-28.8948	2.7931	3.6175	-25.8456
603136.XSHG	2021-01-27	73.5514	3.1614	7.8979	13.6888
603138.XSHG	2021-01-27	71.2333	6.4719	7.0397	26.7804
603139.XSHG	2021-01-27	38.538000000000004	1.5424	3.6793	-57.538999999999994
603155.XSHG	2021-01-27	34.7874	2.9831	11.7421	4.4196
603156.XSHG	2021-01-27	14.2914	2.6622	5.4464	-71.5741
603157.XSHG	2021-01-27	-0.3273	1.5145	0.1905	-17.272000000000002
603158.XSHG	2021-01-27	26.5773	3.3532	2.5794	31.8245
603159.XSHG	2021-01-27	37.8781	3.4174	2.5781	81.0862
603160.XSHG	2021-01-27	38.87	8.8379	9.5733	23.1764
603161.XSHG	2021-01-27	-295.9158	1.6363	1.3081	16.1393
603165.XSHG	2021-01-27	14.0896	2.2208	2.1479	39.5962
603166.XSHG	2021-01-27	17.8328	1.4879	1.9193	21.465999999999998
603167.XSHG	2021-01-27	27.8659	1.2374	3.4624	-7.1502
603168.XSHG	2021-01-27	-35.9249	1.4631	6.0625	11.0732
603169.XSHG	2021-01-27	-63.3146	2.4281	1.4886	12.2508
603177.XSHG	2021-01-27	-82.1091	4.1653	3.4872	-115.2084
603178.XSHG	2021-01-27	-25.8731	2.9691	1.5664	-58.1954
603179.XSHG	2021-01-27	61.1073	4.0998	3.9145	-123.4566
603180.XSHG	2021-01-27	22.201	4.2244	2.4441	34.4242
603181.XSHG	2021-01-27	28.3079	4.9553	4.6751	-307.6419
603183.XSHG	2021-01-27	22.8188	1.8327	3.134	12.4552
603185.XSHG	2021-01-27	124.7304	23.3126	20.5092	410.3869
603186.XSHG	2021-01-27	37.2136	3.0578	2.0706	71.5733
603187.XSHG	2021-01-27	43.0158	6.7427	6.0986	59.7464
603188.XSHG	2021-01-27	-6.2028	1.0701	3.766	78.7176
603189.XSHG	2021-01-27	68.2646	4.4865	11.3184	69.0085
603192.XSHG	2021-01-27	23.5516	1.9153	1.7951	963.9181
603195.XSHG	2021-01-27	62.4349	16.0191	13.902000000000001	169.7755
603196.XSHG	2021-01-27	-18.9256	1.5463	1.4356	-123.1497
603197.XSHG	2021-01-27	22.1682	3.7644	1.2998	-366.0807
603198.XSHG	2021-01-27	33.5902	6.1344	8.6218	-1074.1573
603199.XSHG	2021-01-27	93.7545	1.7569	6.4182	-27.478
603200.XSHG	2021-01-27	57.0723	2.7105	3.6527	-27.0782
603203.XSHG	2021-01-27	23.1163	3.7903	8.4203	-2882.7654
603208.XSHG	2021-01-27	25.209	6.8536	3.7675	-189.96400000000003
603212.XSHG	2021-01-27	71.0361	6.8907	6.1375	46.7822
603214.XSHG	2021-01-27	22.0116	2.7766	1.239	-5.7347
603217.XSHG	2021-01-27	24.5239	1.389	2.7292	30.6464
603218.XSHG	2021-01-27	49.4641	5.3411	8.9205	30.7134
603220.XSHG	2021-01-27	46.6778	2.8221	2.3755	66.543
603221.XSHG	2021-01-27	24.9167	1.9573	2.5442	20.5964
603222.XSHG	2021-01-27	49.8168	3.5925	3.9171	409.7803
603223.XSHG	2021-01-27	78.1619	4.8198	0.9175	93.7113
603225.XSHG	2021-01-27	53.1983	2.399	0.8295	18.1222
603226.XSHG	2021-01-27	26.750999999999998	1.7974	2.7955	-8918.7666
603227.XSHG	2021-01-27	28.5062	2.0864	1.4811	-14.0972
603228.XSHG	2021-01-27	26.0887	3.8521	3.5019	37.3218
603229.XSHG	2021-01-27	110.0161	7.1856	19.5731	170.7854
603232.XSHG	2021-01-27	94.6479	3.1887	10.0295	13.6021
603233.XSHG	2021-01-27	65.6969	13.0774	4.8987	63.4403
603236.XSHG	2021-01-27	131.1023	13.0635	4.2945	-187.3916
603238.XSHG	2021-01-27	15.5941	3.3236	2.0032	122.1695
603239.XSHG	2021-01-27	44.2344	5.0246	7.5973	-160.5156
603256.XSHG	2021-01-27	74.8208	5.6318	13.0417	65.3799
603258.XSHG	2021-01-27	20.0494	3.5844	8.3791	27.2471
603259.XSHG	2021-01-27	168.143	12.9562	26.82	47.713
603260.XSHG	2021-01-27	45.5213	4.8883	5.0475	674.1785
603266.XSHG	2021-01-27	25.0771	2.1345	2.2314	7707.9414
603267.XSHG	2021-01-27	96.0611	14.3483	24.8933	129.5843
603268.XSHG	2021-01-27	350.2649	3.1574	4.6785	-96.9432
603269.XSHG	2021-01-27	33.1896	1.3651	1.7717	18.8286
603277.XSHG	2021-01-27	15.5242	2.175	2.9513	58.7349
603278.XSHG	2021-01-27	24.2821	1.3768	0.8032	-58.0656
603279.XSHG	2021-01-27	16.3958	2.4856	2.3527	11.3217
603283.XSHG	2021-01-27	29.7971	5.0384	3.2265	29.0539
603286.XSHG	2021-01-27	48.4726	2.5144	2.2384	-31.5554
603288.XSHG	2021-01-27	106.2152	35.466	29.3216	220.5221
603289.XSHG	2021-01-27	21.3082	1.9046	2.358	-9.8624
603290.XSHG	2021-01-27	233.9026	34.8593	43.9644	1220.9083
603297.XSHG	2021-01-27	34.2805	3.7680000000000002	8.0267	354.6672
603298.XSHG	2021-01-27	23.2356	3.9192	1.787	28.8327
603299.XSHG	2021-01-27	29.6856	1.3848	1.4375	18.8076
603300.XSHG	2021-01-27	29.8363	1.8551	4.3134	26.5441
603301.XSHG	2021-01-27	7.0059	4.3084	1.7392	10.0779
603303.XSHG	2021-01-27	18.6927	2.3658	1.5314	21.7465
603305.XSHG	2021-01-27	51.3243	4.8037	10.8568	28.5518
603306.XSHG	2021-01-27	33.6424	3.0053	7.989	24.7751
603308.XSHG	2021-01-27	105.3952	4.4342	9.1628	-34.0267
603309.XSHG	2021-01-27	20.5942	2.858	2.8639	49.9272
603311.XSHG	2021-01-27	28.68	2.9901	3.8694	21.499000000000002
603313.XSHG	2021-01-27	34.2688	4.5261	2.7488	70.3954
603315.XSHG	2021-01-27	33.4894	2.7077	4.2345	-519.0486
603316.XSHG	2021-01-27	32.4134	1.38	1.0525	-4.7941
603317.XSHG	2021-01-27	106.3529	10.8687	17.2319	152.4984
603318.XSHG	2021-01-27	-63.4883	2.4555	3.8538	6.6923
603319.XSHG	2021-01-27	30.2636	3.4909	3.4633	98.3791
603320.XSHG	2021-01-27	33.2795	1.9399	1.8606	6.8719
603321.XSHG	2021-01-27	44.4269	1.9380000000000002	2.8866	11.2544
603322.XSHG	2021-01-27	2649.5101	5.8072	1.9769999999999999	41.996
603323.XSHG	2021-01-27	8.9569	0.7098	2.32	-4.6869
603326.XSHG	2021-01-27	18.0216	3.1408	2.2788	-56.3093
603327.XSHG	2021-01-27	23.8556	5.1058	4.6626	-111.9829
603328.XSHG	2021-01-27	25.8696	2.0765	2.795	38.8364
603329.XSHG	2021-01-27	-71.7107	2.3402	0.9378	-166.9861
603330.XSHG	2021-01-27	142.5488	7.4262	7.3229	-249.0672
603331.XSHG	2021-01-27	29.6376	2.0816	1.8929	-32.2036
603332.XSHG	2021-01-27	41.4516	1.4851	2.0663	-23.1406
603333.XSHG	2021-01-27	45.7452	1.625	1.1294	17.4944
603335.XSHG	2021-01-27	32.8388	3.0269	1.9505	32.5764
603336.XSHG	2021-01-27	46.0462	3.8958	3.9605	22.6552
603337.XSHG	2021-01-27	68.9856	4.6759	4.1766	24.6011
603338.XSHG	2021-01-27	67.6207	15.8963	17.227	106.4933
603339.XSHG	2021-01-27	22.6192	1.6849	2.6854	90.7095
603345.XSHG	2021-01-27	110.2204	17.6533	9.0571	263.2293
603348.XSHG	2021-01-27	68.7282	2.8499	3.5235	7.2021
603351.XSHG	2021-01-27	28.4195	2.0801	3.6254	-19.9484
603353.XSHG	2021-01-27	29.8277	3.1718	2.8893	28.1415
603355.XSHG	2021-01-27	22.6205	3.4537	2.1155	18.0443
603356.XSHG	2021-01-27	18.9977	1.8844	0.8036	-32.4286
603357.XSHG	2021-01-27	12.3077	1.6068	2.34	-567.0621
603358.XSHG	2021-01-27	31.956999999999997	1.8593	1.2526	30.0052
603359.XSHG	2021-01-27	11.2	1.63	2.1592	-45.5164
603360.XSHG	2021-01-27	15.5286	3.5092	4.664	21.3285
603363.XSHG	2021-01-27	25.8941	3.3334	1.2492	12.4966
603365.XSHG	2021-01-27	12.3372	1.499	1.1661	78.7519
603366.XSHG	2021-01-27	40.1894	1.3751	1.2974	10.9511
603367.XSHG	2021-01-27	13.3532	1.2217	1.5201	22.9336
603368.XSHG	2021-01-27	10.0678	1.5641	0.4847	7.2822
603369.XSHG	2021-01-27	48.2191	8.9013	14.3864	-188.3149
603377.XSHG	2021-01-27	55.3475	4.0186	8.9604	34.8842
603378.XSHG	2021-01-27	29.8581	4.6914	2.741	-226.2464
603379.XSHG	2021-01-27	42.7542	2.1088	3.568	11.5782
603380.XSHG	2021-01-27	18.0923	3.2303	2.4417	49.4304
603383.XSHG	2021-01-27	35.2426	4.106	13.0182	-48.8725
603385.XSHG	2021-01-27	13.1257	1.1427	1.357	23.404
603386.XSHG	2021-01-27	55.5576	3.1201	1.8848	23.1417
603387.XSHG	2021-01-27	24.9689	4.8784	7.6667	17.9965
603388.XSHG	2021-01-27	15.7923	1.5366	2.3295	-291.892
603389.XSHG	2021-01-27	-8.3014	1.4918	3.355	75.4245
603390.XSHG	2021-01-27	53.817	2.004	5.3041	-115.6347
603392.XSHG	2021-01-27	252.5008	59.3187	71.1878	269.8564
603393.XSHG	2021-01-27	15.6098	2.2979	3.1767	-49.5255
603396.XSHG	2021-01-27	59.3031	4.4774	4.3631	-133.9296
603398.XSHG	2021-01-27	51.2412	3.3353	5.0178	130.0359
603399.XSHG	2021-01-27	-5.8003	0.9869	0.8386	31.0606
603408.XSHG	2021-01-27	19.6267	3.0345	1.9211	41.2028
603416.XSHG	2021-01-27	46.9527	9.677999999999999	13.8543	9578.7002
603421.XSHG	2021-01-27	46.4732	1.8769999999999998	2.9173	-97.2354
603429.XSHG	2021-01-27	94.8464	11.0145	22.7707	318.4635
603439.XSHG	2021-01-27	79.1257	7.4063	10.2628	43.6814
603444.XSHG	2021-01-27	27.2895	7.1915	9.5641	36.1996
603456.XSHG	2021-01-27	95.0307	11.048	13.4966	-1803.2838
603458.XSHG	2021-01-27	6.9879999999999995	1.1874	1.2895	-38.4632
603466.XSHG	2021-01-27	18.589000000000002	3.2134	2.7539999999999996	16.7989
603477.XSHG	2021-01-27	131.7292	1.9322	5.2148	20.9643
603486.XSHG	2021-01-27	240.3382	23.6637	10.7819	210.8692
603488.XSHG	2021-01-27	24.3959	2.6812	6.2581	42.0867
603489.XSHG	2021-01-27	66.623	11.8772	20.2492	23.3038
603496.XSHG	2021-01-27	1258.363	4.0085	7.7752	407.5509
603499.XSHG	2021-01-27	1280.0282	2.5388	3.4693	11.5932
603500.XSHG	2021-01-27	31.3175	2.2926	7.0784	14.0077
603501.XSHG	2021-01-27	130.8139	25.5467	14.7898	-2014.2443
603505.XSHG	2021-01-27	29.8319	6.6783	8.1168	276.1801
603506.XSHG	2021-01-27	21.3623	3.3917	2.0380000000000003	-89.6896
603507.XSHG	2021-01-27	29.0826	1.9466	1.2830000000000001	-22.6216
603508.XSHG	2021-01-27	26.4449	1.2909	8.379	270.4183
603515.XSHG	2021-01-27	30.331	4.871	3.094	-205.0652
603516.XSHG	2021-01-27	38.0342	4.2998	9.5041	27.8971
603517.XSHG	2021-01-27	72.34100000000001	10.745999999999999	9.8903	843.2253
603518.XSHG	2021-01-27	-1.3568	0.7201	0.4041	3.2883
603519.XSHG	2021-01-27	30.9378	4.1226	2.5448	-25.0249
603520.XSHG	2021-01-27	68.1739	8.6999	11.5164	34.9019
603527.XSHG	2021-01-27	23.3413	1.8913	0.5157	-12.2645
603528.XSHG	2021-01-27	48.8329	3.049	7.7491	44.2178
603530.XSHG	2021-01-27	47.0384	6.7244	11.2102	-87.495
603533.XSHG	2021-01-27	70.067	11.4102	7.7103	96.4986
603535.XSHG	2021-01-27	33.9218	3.0089	4.4428	34.2705
603536.XSHG	2021-01-27	48.4616	4.2155	2.1012	1531.6824
603538.XSHG	2021-01-27	28.0305	3.0208	3.5989999999999998	-21.0622
603551.XSHG	2021-01-27	30.5176	2.9265	3.3759	10.9482
603555.XSHG	2021-01-27	-1.2056	10.0584	1.1383	291.1669
603556.XSHG	2021-01-27	12.2618	1.2077	2.1608	-35.5348
603557.XSHG	2021-01-27	44.2672	2.2623	2.6814	-383.6019
603558.XSHG	2021-01-27	32.3031	1.1214	2.0754	59.3209
603559.XSHG	2021-01-27	-289.7723	2.2492	2.7734	88.3907
603565.XSHG	2021-01-27	24.805999999999997	4.2738	1.9776	10.3377
603566.XSHG	2021-01-27	42.6702	4.5812	8.875	-259.7915
603567.XSHG	2021-01-27	29.3856	1.7275	3.0864	-14.0955
603568.XSHG	2021-01-27	19.645	4.448	8.4836	-156.0858
603569.XSHG	2021-01-27	31.5808	1.7918	0.9172	-31.9555
603577.XSHG	2021-01-27	22.4305	1.828	1.1353	-11.459000000000001
603578.XSHG	2021-01-27	21.9722	2.6648	4.5277	20.8264
603579.XSHG	2021-01-27	15.2171	2.367	1.7932	45.7572
603580.XSHG	2021-01-27	37.0227	3.1012	7.1883	-15.72
603583.XSHG	2021-01-27	63.4004	7.3839999999999995	14.7628	16.143
603585.XSHG	2021-01-27	14.1968	1.3574	1.7499	-13.5169
603586.XSHG	2021-01-27	16.7261	1.2382	2.0466	9.3394
603587.XSHG	2021-01-27	13.6688	2.5223	3.6687	31.729
603588.XSHG	2021-01-27	20.5613	2.2963	1.6905	-40.4235
603589.XSHG	2021-01-27	30.3819	5.7334	10.0528	226.3424
603590.XSHG	2021-01-27	27.0399	1.8636	6.4583	-29.2568
603595.XSHG	2021-01-27	75.9401	4.2019	5.9819	-2034.7062
603596.XSHG	2021-01-27	36.7514	5.7916	4.7537	71.4772
603598.XSHG	2021-01-27	-17.0473	8.0914	0.7612	45.8046
603599.XSHG	2021-01-27	25.4663	2.4439	4.1086	18.6062
603600.XSHG	2021-01-27	15.5549	2.7626	1.2709	-134.4295
603601.XSHG	2021-01-27	25.2375	4.9844	5.2355	137.6068
603602.XSHG	2021-01-27	-500.1462	3.3162	3.3731	31.7918
603603.XSHG	2021-01-27	-3.1284	1.9222	0.7045	-6.037999999999999
603605.XSHG	2021-01-27	84.7421	16.8435	11.1225	76.4498
603606.XSHG	2021-01-27	23.9138	6.7377	3.9293	22.4601
603607.XSHG	2021-01-27	25.6341	3.1383	4.011	-130.9199
603608.XSHG	2021-01-27	25.4297	1.2042	1.3526	75.5313
603609.XSHG	2021-01-27	7.9270000000000005	1.7394	0.5118	-50.6103
603610.XSHG	2021-01-27	16.2745	1.7694	2.3662	8.9636
603611.XSHG	2021-01-27	13.7264	1.9208	0.8845	-143.1003
603612.XSHG	2021-01-27	41.9701	1.7039	1.1115	21.1155
603613.XSHG	2021-01-27	158.1698	10.3408	2.8905	-641.0791
603615.XSHG	2021-01-27	53.7514	1.6296	3.0536	443.4573
603616.XSHG	2021-01-27	-12.4554	2.2795	1.9629	24.7224
603617.XSHG	2021-01-27	21.305	2.9587	2.7694	10.3824
603618.XSHG	2021-01-27	35.204	1.854	0.7972	-22.3261
603619.XSHG	2021-01-27	-10.834000000000001	1.556	1.5749	60.7215
603626.XSHG	2021-01-27	-125.0605	2.309	1.5495	69.6185
603628.XSHG	2021-01-27	-201.3635	2.4465	2.0984	250.4829
603629.XSHG	2021-01-27	73.5327	3.4306	2.0328	-48.7618
603630.XSHG	2021-01-27	43.1761	1.7856	3.4787	32.7583
603633.XSHG	2021-01-27	59.3688	2.1023	4.4888	19.9647
603636.XSHG	2021-01-27	25.8216	2.2353	3.7325	-28.7693
603637.XSHG	2021-01-27	28.9397	2.1769	1.6447	9.2235
603638.XSHG	2021-01-27	100.8932	21.6667	25.7156	110.1588
603639.XSHG	2021-01-27	13.337	1.9521	1.6156	-30.1151
603648.XSHG	2021-01-27	23.9021	1.6189	1.8619	47.4625
603650.XSHG	2021-01-27	57.4028	8.077	9.1957	-34.8771
603655.XSHG	2021-01-27	72.0373	3.6259	10.8084	673.8878
603656.XSHG	2021-01-27	40.6594	1.9077	4.1243	125.9988
603657.XSHG	2021-01-27	17.6771	2.4027	3.0544	-7.8052
603658.XSHG	2021-01-27	86.7038	10.4329	22.9696	6018.5474
603659.XSHG	2021-01-27	83.6191	6.1767	10.9476	240.5227
603660.XSHG	2021-01-27	-87.2812	2.0412	1.5276	186.5848
603661.XSHG	2021-01-27	18.0518	2.1621	1.4141	200.9686
603662.XSHG	2021-01-27	22.853	2.5018	6.2041	11.3187
603663.XSHG	2021-01-27	43.9646	4.4213	3.9108	123.2473
603665.XSHG	2021-01-27	40.3742	2.5563	2.3768	56.2468
603666.XSHG	2021-01-27	40.6568	8.8425	13.549000000000001	148.7819
603667.XSHG	2021-01-27	31.3523	1.1699	1.2248	13.812999999999999
603668.XSHG	2021-01-27	36.8931	1.9629	0.679	42.6737
603669.XSHG	2021-01-27	29.1714	4.3457	4.9671	14.3011
603676.XSHG	2021-01-27	59.6981	3.5257	5.1164	25.9417
603677.XSHG	2021-01-27	29.1095	2.1787	1.3213	31.3137
603678.XSHG	2021-01-27	64.5237	9.5888	10.0376	96.7058
603679.XSHG	2021-01-27	44.1888	4.079	4.2146	39.2862
603680.XSHG	2021-01-27	23.9905	2.2219	2.6315	186.9682
603681.XSHG	2021-01-27	17.89	2.1692	1.3493	6.9545
603682.XSHG	2021-01-27	20.8635	2.3124	4.5811	12.25
603683.XSHG	2021-01-27	50.2015	2.1386	1.8147	34.7912
603685.XSHG	2021-01-27	21.2592	1.6107	1.5921	65.2883
603686.XSHG	2021-01-27	16.1838	2.3791	1.2756	14.3846
603687.XSHG	2021-01-27	30.0401	2.5938	3.1386	6.2571
603688.XSHG	2021-01-27	34.4034	3.6213	10.849	-51.8583
603689.XSHG	2021-01-27	15.5327	1.4022	0.7475	-395.00300000000004
603690.XSHG	2021-01-27	119.7744	4.8799	12.4887	247.3678
603693.XSHG	2021-01-27	17.5295	1.492	4.5382	28.8852
603696.XSHG	2021-01-27	55.1026	4.3103	6.0054	12907.291000000001
603697.XSHG	2021-01-27	24.4163	2.9991	4.8266	-12.6318
603698.XSHG	2021-01-27	61.7318	2.8406	4.3822	29.5678
603699.XSHG	2021-01-27	22.3235	3.9346	3.0512	-239.455
603700.XSHG	2021-01-27	19.6767	3.7114	3.3734	164.4292
603701.XSHG	2021-01-27	32.9898	2.9853	3.7311	38.6285
603703.XSHG	2021-01-27	637.0927	3.3576	4.7161	151.1121
603706.XSHG	2021-01-27	24.6027	1.7848	4.4943	58.9844
603707.XSHG	2021-01-27	39.0028	8.7582	10.7192	373.6744
603708.XSHG	2021-01-27	26.0137	4.2888	0.7248	96.8422
603709.XSHG	2021-01-27	89.7625	3.1402	1.7721	-216.4726
603711.XSHG	2021-01-27	29.4493	3.03	2.1313	-50.2753
603712.XSHG	2021-01-27	81.7844	12.505999999999998	14.4367	-515.3896
603713.XSHG	2021-01-27	82.7141	13.3265	7.2218	166.3801
603716.XSHG	2021-01-27	63.0338	2.0802	1.6857	16.9809
603717.XSHG	2021-01-27	435.7527	1.5435	3.2437	-50.9064
603718.XSHG	2021-01-27	-1594.892	6.8513	27.7249	-797.6795
603719.XSHG	2021-01-27	82.9466	11.994000000000002	3.0853	28.1834
603721.XSHG	2021-01-27	59.4947	2.8774	6.1369	28.5447
603722.XSHG	2021-01-27	62.5295	4.3252	5.1339	350.4671
603725.XSHG	2021-01-27	79.5714	1.952	1.916	12.2352
603726.XSHG	2021-01-27	25.7795	2.7076	1.82	-115.5354
603727.XSHG	2021-01-27	37.5802	1.4243	1.5242	116.2585
603728.XSHG	2021-01-27	32.9279	2.9068	2.8989	-56.3527
603729.XSHG	2021-01-27	-275.9906	1.3836	1.8639	215.3571
603730.XSHG	2021-01-27	29.7667	4.0818	3.9955	-73.5433
603733.XSHG	2021-01-27	29.4755	3.8239	4.2536	300.6449
603737.XSHG	2021-01-27	79.5019	15.5521	4.7821	448.3146
603738.XSHG	2021-01-27	204.0693	4.1106	5.6103	-194.331
603739.XSHG	2021-01-27	34.0886	3.4965	3.806	291.4828
603755.XSHG	2021-01-27	90.3833	13.7251	30.0569	-133.7137
603757.XSHG	2021-01-27	14.6399	2.4254	2.2858	9.3716
603758.XSHG	2021-01-27	7.9094	1.42	5.2164	11.6731
603766.XSHG	2021-01-27	12.8189	0.8901	0.6101	17.1039
603767.XSHG	2021-01-27	27.4956	1.3553	1.8674	12.5058
603768.XSHG	2021-01-27	50.1032	1.8937	1.5702	11.8801
603773.XSHG	2021-01-27	129.9074	1.405	4.0662	-9.0024
603776.XSHG	2021-01-27	5.7985	1.0467	3.0866	29.1471
603777.XSHG	2021-01-27	-90.7342	2.2654	0.9387	-83.5902
603778.XSHG	2021-01-27	-162.1933	1.5013	7.6198	-14.8522
603779.XSHG	2021-01-27	-9.0539	1.6135	4.4996	-310.3449
603786.XSHG	2021-01-27	62.0221	8.5634	10.4056	-279.5764
603787.XSHG	2021-01-27	50.0818	4.9471	1.0586	4.2356
603788.XSHG	2021-01-27	16.6892	1.5587	3.177	6.7109
603789.XSHG	2021-01-27	-40.2743	3.5091	8.9518	4731.125
603790.XSHG	2021-01-27	32.6212	1.7262	2.4962	478.7164
603797.XSHG	2021-01-27	13.673	1.9832	5.4081	747.2224
603798.XSHG	2021-01-27	20.0847	1.8832	1.9568	18.5526
603799.XSHG	2021-01-27	171.16099999999997	12.6233	6.2086	-870.8546
603800.XSHG	2021-01-27	-198.872	1.9147	1.8814	13.8565
603801.XSHG	2021-01-27	30.0064	4.4142	2.6147	-507.0555
603803.XSHG	2021-01-27	27.2774	1.4117	1.9221	32.5944
603806.XSHG	2021-01-27	68.289	10.573	11.63	103.0654
603808.XSHG	2021-01-27	10.8746	2.1389	2.2173	20.7351
603809.XSHG	2021-01-27	24.1594	2.5025	3.9212	-150.1955
603810.XSHG	2021-01-27	16.5765	2.1648	2.2448	10.1367
603811.XSHG	2021-01-27	26.726999999999997	4.4448	5.1947	-58.0708
603813.XSHG	2021-01-27	33.0343	1.7067	1.8398	47.373000000000005
603815.XSHG	2021-01-27	49.6771	4.5295	1.7177	115.325
603816.XSHG	2021-01-27	38.6787	7.0777	4.0879	507.67900000000003
603817.XSHG	2021-01-27	18.655	1.4729	3.5931	-24.8172
603818.XSHG	2021-01-27	128.6149	2.1031	1.0243	432.9452
603819.XSHG	2021-01-27	134.7068	3.0443	2.259	-40.5818
603822.XSHG	2021-01-27	28.0044	1.7716	0.9511	26.3874
603823.XSHG	2021-01-27	19.0254	2.5762	2.28	83.1332
603825.XSHG	2021-01-27	15.3902	2.0438	0.3561	-103.1095
603826.XSHG	2021-01-27	101.5668	9.8976	21.2345	4313.499
603828.XSHG	2021-01-27	73.6523	1.6197	1.0065	22.6512
603829.XSHG	2021-01-27	29.0945	2.3254	2.4572	40.1902
603833.XSHG	2021-01-27	47.4242	8.3803	6.6026	24.6922
603838.XSHG	2021-01-27	-152.2739	1.798	8.2158	72.8897
603839.XSHG	2021-01-27	21.33	1.1985	1.2048	47.4834
603843.XSHG	2021-01-27	26.2867	1.3361	0.4379	-4.185
603848.XSHG	2021-01-27	18.1039	3.051	4.226	40.1542
603855.XSHG	2021-01-27	19.8559	3.2953	2.3974	1950.5968
603856.XSHG	2021-01-27	11.2378	1.8218	1.4918	13.7837
603858.XSHG	2021-01-27	12.6606	1.9042	1.6536	-66.1649
603859.XSHG	2021-01-27	36.9677	3.1084	4.5884	31.9965
603860.XSHG	2021-01-27	34.4122	2.0998	7.1735	12.9241
603861.XSHG	2021-01-27	87.6483	1.4032	1.0626	63.9135
603863.XSHG	2021-01-27	26.8527	1.7621	4.2573	-3.9375
603866.XSHG	2021-01-27	43.6466	7.9901	6.4788	-44.1593
603867.XSHG	2021-01-27	19.5733	2.3178	1.6216	47.114
603868.XSHG	2021-01-27	33.0952	7.78	5.8516	266.0813
603869.XSHG	2021-01-27	-57.9161	1.4945	2.7052	18.133
603871.XSHG	2021-01-27	12.5547	2.1830000000000003	1.2506	-93.5242
603876.XSHG	2021-01-27	53.0503	1.5517	0.4689	41.0553
603877.XSHG	2021-01-27	21.3841	4.0078	1.6585	82.9881
603878.XSHG	2021-01-27	10.9867	1.1944	1.2069	21.3603
603879.XSHG	2021-01-27	728.3548	3.9754	5.5432	-246.2439
603880.XSHG	2021-01-27	30.5048	3.8557	2.5185	11.1285
603881.XSHG	2021-01-27	108.76700000000001	4.8291	16.8438	8.0705
603882.XSHG	2021-01-27	69.0476	23.7376	10.9513	143.6593
603883.XSHG	2021-01-27	51.3417	7.4409	2.3034	-140.4262
603885.XSHG	2021-01-27	-29.8788	1.9204	1.9417	60.995
603886.XSHG	2021-01-27	14.7105	2.6177	1.6995	18.969
603887.XSHG	2021-01-27	16.205	1.6345	1.7206	5.0284
603888.XSHG	2021-01-27	72.5454	3.4462	7.2005	-259.4035
603889.XSHG	2021-01-27	23.2642	0.9808	1.0853	18.0288
603890.XSHG	2021-01-27	18.6127	2.9696	1.6215	30.5468
603893.XSHG	2021-01-27	95.4902	11.3101	15.0231	56.1488
603895.XSHG	2021-01-27	-34.1376	2.6693	3.5511	19.403
603896.XSHG	2021-01-27	41.897	4.5527	9.3945	12.1906
603897.XSHG	2021-01-27	17.5825	1.5792	0.5244	53.2545
603898.XSHG	2021-01-27	18.7073	2.1627	2.5535	12.4011
603899.XSHG	2021-01-27	75.6281	17.8328	7.5497	537.7171
603900.XSHG	2021-01-27	21.2277	0.8781	1.7121	17.5885
603901.XSHG	2021-01-27	27.403000000000002	2.826	2.085	14.9706
603903.XSHG	2021-01-27	16.0002	2.0988	1.3459999999999999	-20.4546
603906.XSHG	2021-01-27	62.982	7.5969	5.9625	1210.8156
603908.XSHG	2021-01-27	34.1035	3.1728	2.4438	6.2841
603909.XSHG	2021-01-27	35.6217	2.7759	3.0236	171.4771
603912.XSHG	2021-01-27	31.3789	3.3125	4.9273	5.8224
603915.XSHG	2021-01-27	63.7172	8.6559	10.1821	95.4371
603916.XSHG	2021-01-27	20.0976	2.8856	2.3604	20.4907
603917.XSHG	2021-01-27	18.7116	1.4161	2.4119	103.2972
603918.XSHG	2021-01-27	30.3559	3.2162	2.3389	18.2465
603919.XSHG	2021-01-27	67.4526	6.9088	11.4434	-137.1518
603920.XSHG	2021-01-27	28.1253	3.7499	3.9378	50.0199
603922.XSHG	2021-01-27	-28.8197	1.7457	3.2049	60.6925
603926.XSHG	2021-01-27	13.2997	1.469	1.224	10.7147
603927.XSHG	2021-01-27	35.8046	7.7172	2.7476	1218.704
603928.XSHG	2021-01-27	14.9917	1.55	1.5458	116.5751
603929.XSHG	2021-01-27	433.5549	2.2217	2.3336	25.0568
603931.XSHG	2021-01-27	35.9395	3.4356	6.7685	9.9065
603933.XSHG	2021-01-27	184.6823	1.8813	1.3359	7.7161
603936.XSHG	2021-01-27	26.1855	1.6497	1.9659	-135.756
603937.XSHG	2021-01-27	17.8789	1.2999	1.4856	8.6519
603938.XSHG	2021-01-27	40.3392	2.9376	3.4932	-45.2826
603939.XSHG	2021-01-27	77.2194	10.9852	4.4858	32.891999999999996
603948.XSHG	2021-01-27	22.1142	2.1011	1.7349	-21.3846
603949.XSHG	2021-01-27	26.8934	3.7764	7.7102	34.9106
603950.XSHG	2021-01-27	12.8173	2.4561	3.0231	16.4511
603955.XSHG	2021-01-27	17.699	1.1563	1.7882	18.5141
603956.XSHG	2021-01-27	48.6394	5.6269	6.9988	-57.4526
603958.XSHG	2021-01-27	-43.4637	1.1279	1.1813	19.2586
603959.XSHG	2021-01-27	-7.7937	7.0837	3.1683	-37.0249
603960.XSHG	2021-01-27	77.3108	10.5216	11.6031	36.7825
603963.XSHG	2021-01-27	493.2872	3.7806	7.8693	115.5296
603966.XSHG	2021-01-27	22.225	2.8469	2.6356	5.7617
603967.XSHG	2021-01-27	18.1041	1.7396	0.7167	72.3579
603968.XSHG	2021-01-27	12.1732	1.9098	1.3221	6.1905
603969.XSHG	2021-01-27	26.8947	1.9643	1.4365	171.7021
603970.XSHG	2021-01-27	24.4722	3.1359	0.5205	246.0019
603976.XSHG	2021-01-27	154.1115	7.8827	16.3404	4357.811
603977.XSHG	2021-01-27	21.5554	1.7469	2.3567	16.6261
603978.XSHG	2021-01-27	53.7674	1.6293	2.5378	5.5489999999999995
603979.XSHG	2021-01-27	20.4182	1.6108	1.8911	-116.5969
603980.XSHG	2021-01-27	23.9657	0.9761	2.2472	10.1057
603982.XSHG	2021-01-27	29.8082	2.1444	2.4515	-20.3541
603983.XSHG	2021-01-27	41.1105	7.1186	11.7567	74.005
603985.XSHG	2021-01-27	21.743000000000002	4.5005	2.9098	71.0584
603986.XSHG	2021-01-27	108.3189	8.5791	21.5491	17.5134
603987.XSHG	2021-01-27	38.536	4.6016	3.083	17.8232
603988.XSHG	2021-01-27	11.1051	3.3986	3.0453	13.4776
603989.XSHG	2021-01-27	25.2131	3.6338	3.8404	132.7129
603990.XSHG	2021-01-27	135.4667	4.292	15.7657	-325.8305
603991.XSHG	2021-01-27	-38.3536	8.3807	8.5332	-339.8337
603992.XSHG	2021-01-27	25.0746	3.3838	3.5102	-64.6751
603993.XSHG	2021-01-27	61.9097	3.4081	1.1905	22.3198
603995.XSHG	2021-01-27	19.2872	2.2486	0.3759	8.6718
603996.XSHG	2021-01-27	-0.2524	-0.5753	4.6279	-8.367
603997.XSHG	2021-01-27	-37.1608	1.9514	0.5032	-41.8532
603998.XSHG	2021-01-27	32.3006	1.9348	1.855	685.0189999999999
603999.XSHG	2021-01-27	40.7267	1.6762	2.5776	18.2847
605001.XSHG	2021-01-27	19.4072	1.5072	2.8559	19.3907
605003.XSHG	2021-01-27	16.8328	2.6188	5.0	48.117
605005.XSHG	2021-01-27	38.6124	5.3126	5.7721	-535.3137
605006.XSHG	2021-01-27	29.2971	2.3305	2.1512	15.55
605007.XSHG	2021-01-27	27.2445	5.6119	3.3469	-317.8546
605008.XSHG	2021-01-27	54.8066	8.6608	10.6085	28.5456
605009.XSHG	2021-01-27	29.3918	6.6042	6.8046	11.5318
605018.XSHG	2021-01-27	51.7601	5.0264	6.8454	22.4139
605050.XSHG	2021-01-27	15.9728	1.6941	0.7348	6.6849
605058.XSHG	2021-01-27	28.5372	2.7186	3.9668	61.5472
605066.XSHG	2021-01-27	19.8103	3.1116	2.2038	13.4759
605068.XSHG	2021-01-27	27.3969	3.8037	7.9359	7876.626
605088.XSHG	2021-01-27	23.6547	2.1062	1.6034	5.0967
605099.XSHG	2021-01-27	31.9381	7.1184	7.1482	24.767
605100.XSHG	2021-01-27	19.5363	2.1725	2.4597	4.8323
605108.XSHG	2021-01-27	24.6696	2.2766	3.4067	21.0102
605111.XSHG	2021-01-27	131.1904	15.970999999999998	19.9826	32.4979
605116.XSHG	2021-01-27	30.706999999999997	4.6339	9.2188	13.8993
605118.XSHG	2021-01-27	40.5153	6.1134	15.0506	40.8737
605123.XSHG	2021-01-27	47.4663	5.0518	7.9952	83.8758
605128.XSHG	2021-01-27	28.6862	2.3076	3.0593	5.095
605136.XSHG	2021-01-27	39.9316	5.1375	2.7542	18.6888
605151.XSHG	2021-01-27	25.0647	2.3529	2.3032	-3053.5195
605155.XSHG	2021-01-27	34.9797	2.8491	8.0329	52.5082
605158.XSHG	2021-01-27	17.5595	2.349	0.7579	16.4099
605166.XSHG	2021-01-27	35.9232	2.6381	1.2527	9.0326
605168.XSHG	2021-01-27	42.6355	8.3111	5.3	26.7855
605169.XSHG	2021-01-27	24.5848	2.1054	3.9978	100.8072
605177.XSHG	2021-01-27	27.9171	2.3651	4.33	59.137
605178.XSHG	2021-01-27	18.3014	1.6879	3.8316	3.5589
605179.XSHG	2021-01-27	52.5466	6.2387	4.0937	-130.7306
605183.XSHG	2021-01-27	41.0252	3.6814	8.4043	-113.1874
605186.XSHG	2021-01-27	26.7288	3.8324	9.6061	46.3164
605188.XSHG	2021-01-27	44.7983	4.2641	1.9719	34.0719
605198.XSHG	2021-01-27	46.1876	3.708	8.3386	19.6042
605199.XSHG	2021-01-27	55.1842	9.3905	6.5342	43.6198
605218.XSHG	2021-01-27	35.9519	2.8231	2.9862	4.7451
605222.XSHG	2021-01-27	20.9686	3.0060000000000002	0.9515	34.8005
605228.XSHG	2021-01-27	51.3518	4.2252	3.8959	388.7235
605255.XSHG	2021-01-27	52.2525	3.5637	11.234000000000002	18.9734
605258.XSHG	2021-01-27	32.1713	3.0084	5.3694	216.3779
605266.XSHG	2021-01-27	29.0621	3.8196	1.4843	45.1598
605277.XSHG	2021-01-27	26.1269	3.1193	3.2302	205.5147
605288.XSHG	2021-01-27	34.3027	3.1156	5.1592	-177.8048
605299.XSHG	2021-01-27	34.4901	4.1161	3.4376	237.7262
605318.XSHG	2021-01-27	23.9764	2.3571	4.2503	5.5457
605333.XSHG	2021-01-27	74.8993	8.7181	4.5278	205.0995
605336.XSHG	2021-01-27	19.9898	2.3417	5.4272	4.5659
605338.XSHG	2021-01-27	77.8119	7.2273	11.9093	13.9911
605358.XSHG	2021-01-27	253.6361	21.2117	28.0324	163.1914
605366.XSHG	2021-01-27	29.1988	2.455	4.2814	7.291
605369.XSHG	2021-01-27	25.1495	4.1972	6.4446	7.1903
605376.XSHG	2021-01-27	71.6994	7.7726	20.1593	-542.6431
605377.XSHG	2021-01-27	17.2522	1.8788	2.681	-239.3449
605388.XSHG	2021-01-27	41.55	4.2181	8.2588	8.7396
605398.XSHG	2021-01-27	42.2208	5.3673	8.4058	69.5288
605399.XSHG	2021-01-27	26.9511	2.9086	4.4711	6.0377
605500.XSHG	2021-01-27	19.5193	1.9704	1.8911	-236.3055
688001.XSHG	2021-01-27	73.8545	5.2202	11.1629	41.0027
688002.XSHG	2021-01-27	87.91	17.8477	36.5654	45.6968
688003.XSHG	2021-01-27	68.257	4.0414	8.6067	-41.1496
688004.XSHG	2021-01-27	41.8136	3.3852	8.036	6.3075
688005.XSHG	2021-01-27	774.5994	7.3754	9.4095	-249.347
688006.XSHG	2021-01-27	91.2436	11.5539	21.2823	667.8106
688007.XSHG	2021-01-27	81.9482	4.3357	4.6761	699.2460000000001
688008.XSHG	2021-01-27	93.4138	12.5494	54.7158	82.3197
688009.XSHG	2021-01-27	16.9751	1.6037	1.6571	-20.0608
688010.XSHG	2021-01-27	53.2414	2.215	7.1909	476.1982
688011.XSHG	2021-01-27	82.1616	3.7835	29.8118	17.6633
688012.XSHG	2021-01-27	267.7849	21.5887	40.134	1154.7664
688013.XSHG	2021-01-27	60.6649	4.4426	12.6428	7.7874
688015.XSHG	2021-01-27	30.230999999999998	5.3321	3.1567	8.9808
688016.XSHG	2021-01-27	113.1174	18.3436	52.3162	177.8655
688017.XSHG	2021-01-27	215.1687	10.8604	89.0997	31.2819
688018.XSHG	2021-01-27	77.3564	6.8429	14.1867	27.0104
688019.XSHG	2021-01-27	143.6396	19.2138	49.1944	466.5469
688020.XSHG	2021-01-27	50.0518	3.7757	21.6532	-44.8578
688021.XSHG	2021-01-27	52.4021	4.5268	13.3662	23.5809
688022.XSHG	2021-01-27	51.6216	3.5454	5.9323	-6.4928
688023.XSHG	2021-01-27	206.1171	13.8518	18.2066	27.4814
688025.XSHG	2021-01-27	75.7585	2.3757	5.143	9.9274
688026.XSHG	2021-01-27	42.3796	7.9665	13.8818	17.7702
688027.XSHG	2021-01-27	306.4092	11.2029	72.5421	44.4779
688028.XSHG	2021-01-27	44.9573	3.0686	10.6177	-7.6438
688029.XSHG	2021-01-27	89.4046	9.9848	19.94	-1141.7538
688030.XSHG	2021-01-27	291.3534	5.047	9.841000000000001	-9.0761
688033.XSHG	2021-01-27	46.6344	2.4241	15.1511	-78855.1953
688036.XSHG	2021-01-27	62.1258	15.6299	4.5425	61.6398
688037.XSHG	2021-01-27	117.9912	10.922	26.1661	25.1537
688039.XSHG	2021-01-27	58.2214	3.7173	16.0698	8.6653
688050.XSHG	2021-01-27	237.1246	13.5851	85.5006	74.4361
688051.XSHG	2021-01-27	32.8709	3.859	8.6291	28.8447
688055.XSHG	2021-01-27	82.1935	6.6748	5.9432	72.5632
688056.XSHG	2021-01-27	33.5733	2.7268	5.5305	4.7095
688057.XSHG	2021-01-27	21.9836	2.7437	8.3934	72.0263
688058.XSHG	2021-01-27	84.3397	3.7726	24.0613	7.862
688060.XSHG	2021-01-27	59.0617	5.1003	17.4498	363.3868
688063.XSHG	2021-01-27	177.0834	18.0163	41.4431	433.9401
688065.XSHG	2021-01-27	80.5605	3.3608	23.2428	6.8396
688066.XSHG	2021-01-27	58.6366	5.502999999999999	9.2426	86.9529
688068.XSHG	2021-01-27	99.7833	4.0665	11.7704	-6.4642
688069.XSHG	2021-01-27	42.1734	3.2703	13.1194	20.7741
688077.XSHG	2021-01-27	71.889	3.3956	4.3828	67.4546
688078.XSHG	2021-01-27	44.3022	3.3418	9.5488	5.4668
688080.XSHG	2021-01-27	56.0894	3.9628	8.5034	21.7452
688081.XSHG	2021-01-27	37.3865	2.9252	9.9348	12.3229
688085.XSHG	2021-01-27	79.1677	5.5326	22.5029	31.4054
688086.XSHG	2021-01-27	41.5569	3.9797	12.245999999999999	12.7136
688088.XSHG	2021-01-27	88.1457	9.1969	37.6546	207.4095
688089.XSHG	2021-01-27	40.8688	4.1642	17.074	29.0299
688090.XSHG	2021-01-27	39.4488	2.5609	2.6936	9.51
688093.XSHG	2021-01-27	36.2191	3.9479	14.136	5.4125
688095.XSHG	2021-01-27	99.9908	4.2780000000000005	27.8588	13.3859
688096.XSHG	2021-01-27	26.7262	2.2705	4.9413	14.6617
688098.XSHG	2021-01-27	46.3993	4.2267	17.4442	-74.4196
688099.XSHG	2021-01-27	2780.2062	12.5168	14.4117	407.3096
688100.XSHG	2021-01-27	41.4031	4.7829	7.752000000000001	-90.4987
688101.XSHG	2021-01-27	24.4562	1.6328	7.1141	8.4962
688106.XSHG	2021-01-27	74.6109	5.0161	11.3559	47.3006
688108.XSHG	2021-01-27	65.0415	4.3122	11.8937	39.4143
688111.XSHG	2021-01-27	252.7854	30.6576	98.0437	348.4806
688116.XSHG	2021-01-27	168.717	9.9556	40.3016	-18.3977
688118.XSHG	2021-01-27	59.2439	2.3555	5.6885	-23.081
688122.XSHG	2021-01-27	93.2853	10.9522	14.9871	86.6568
688123.XSHG	2021-01-27	43.5301	4.2488	12.1282	117.5946
688126.XSHG	2021-01-27	-1814.1869	9.8745	47.3617	121.95100000000001
688127.XSHG	2021-01-27	75.6859	9.3039	29.0081	243.6467
688128.XSHG	2021-01-27	24.3347	3.0816	2.7423	19.1288
688129.XSHG	2021-01-27	28.1837	2.839	5.2706	13.9121
688133.XSHG	2021-01-27	115.8813	6.7276	7.4437	-658.9963
688135.XSHG	2021-01-27	91.1129	5.8729	21.1134	182.4837
688136.XSHG	2021-01-27	45.1463	3.9444	5.8484	109.4818
688138.XSHG	2021-01-27	69.9868	4.6578	10.5614	31.3879
688139.XSHG	2021-01-27	76.1598	9.1359	19.3247	598.0793
688155.XSHG	2021-01-27	57.6329	6.8643	12.6507	47.2367
688156.XSHG	2021-01-27	67.4629	2.3656	7.5592	4.4547
688157.XSHG	2021-01-27	94.2736	7.5428	18.9881	12.6818
688158.XSHG	2021-01-27	-96.7696	4.7977	7.8482	12.9042
688159.XSHG	2021-01-27	-138.9813	2.4955	3.1144	-83.9953
688160.XSHG	2021-01-27	49.1319	4.9164	7.6524	33.5054
688165.XSHG	2021-01-27	-64.0529	2.7004	5.1894	41.5378
688166.XSHG	2021-01-27	114.1869	13.9047	27.5683	67.4011
688168.XSHG	2021-01-27	43.0202	2.6207	10.2678	-473.4861
688169.XSHG	2021-01-27	71.0277	11.8053	18.8065	818.433
688177.XSHG	2021-01-27	-27.2013	6.3124	127.8549	62.9154
688178.XSHG	2021-01-27	17.6142	2.1677	3.3375	-18.9374
688179.XSHG	2021-01-27	127.9932	11.085	39.2896	347.1732
688180.XSHG	2021-01-27	-54.7782	12.2173	61.6827	31.7817
688181.XSHG	2021-01-27	32.8045	3.0774	9.071	-257.2882
688185.XSHG	2021-01-27	-388.7832	14.7914	15428.8936	59.8971
688186.XSHG	2021-01-27	25.7276	2.8191	2.8593	33.6766
688188.XSHG	2021-01-27	94.0054	13.0933	64.5321	117.77
688189.XSHG	2021-01-27	60.248000000000005	4.5214	5.8334	7.8236
688196.XSHG	2021-01-27	26.9619	2.9182	4.3	138.8596
688198.XSHG	2021-01-27	149.8232	13.4127	67.9655	37.0979
688199.XSHG	2021-01-27	34.8742	1.7132	4.6528	6.4983
688200.XSHG	2021-01-27	158.0154	12.0779	71.8501	52.4422
688202.XSHG	2021-01-27	162.1523	14.3219	26.9604	56.5628
688208.XSHG	2021-01-27	74.8983	12.7052	21.4114	32.7037
688215.XSHG	2021-01-27	56.4435	3.7163	9.4121	5.5592
688218.XSHG	2021-01-27	55.8644	2.2743	4.4117	-480.1531
688219.XSHG	2021-01-27	43.6743	4.5625	1.8339	-1383.1396
688221.XSHG	2021-01-27	-27.6574	2.7957	186.3616	-88.0238
688222.XSHG	2021-01-27	186.4273	9.2109	48.1415	47.4912
688228.XSHG	2021-01-27	35.1132	2.4831	8.7505	69.5235
688229.XSHG	2021-01-27	105.3642	6.3736	32.4911	10.392000000000001
688233.XSHG	2021-01-27	125.2565	6.3814	55.1719	18.8111
688256.XSHG	2021-01-27	-73.4089	10.1227	134.8807	22.3074
688258.XSHG	2021-01-27	64.2179	4.7356	19.6708	30.6807
688266.XSHG	2021-01-27	-56.2219	9.6238	586.4823	14.9615
688268.XSHG	2021-01-27	89.9925	5.9735	8.0617	27.3373
688277.XSHG	2021-01-27	103817.2942	17.3408	75.9439	51.905
688278.XSHG	2021-01-27	130.3369	13.368	16.8409	104.4259
688286.XSHG	2021-01-27	136.6299	6.2581	20.4291	17.7316
688288.XSHG	2021-01-27	44.5903	3.8185	8.068999999999999	11.3267
688289.XSHG	2021-01-27	26.1991	12.870999999999999	14.2945	68.9518
688298.XSHG	2021-01-27	28.4268	13.5708	16.2244	39.3133
688299.XSHG	2021-01-27	37.3461	3.9628	6.6468	22.8762
688300.XSHG	2021-01-27	39.785	3.9691	9.9866	88.818
688301.XSHG	2021-01-27	57.9623	4.9198	16.0445	5.7941
688308.XSHG	2021-01-27	23.8677	1.9269	3.7196	-136.9058
688309.XSHG	2021-01-27	45.4681	3.2649	11.7486	24.022
688310.XSHG	2021-01-27	28.3149	3.2002	8.9202	5.6538
688311.XSHG	2021-01-27	128.3407	7.0349	33.0625	103.4105
688312.XSHG	2021-01-27	40.3499	2.8554	12.5521	23.5306
688313.XSHG	2021-01-27	248.957	8.5232	15.0168	162.1149
688317.XSHG	2021-01-27	23.0327	5.0784	10.8391	25.4855
688318.XSHG	2021-01-27	59.5774	4.647	50.3501	29.5002
688321.XSHG	2021-01-27	422.8638	10.4757	67.686	-94.4268
688330.XSHG	2021-01-27	24.4844	2.5967	8.8919	3.6093
688333.XSHG	2021-01-27	349.8252	11.6866	44.1044	-60.1472
688335.XSHG	2021-01-27	41.4364	2.3288	6.7974	22.3937
688336.XSHG	2021-01-27	107.4711	2.6927	12.4686	11.0218
688338.XSHG	2021-01-27	65.9524	3.1487	18.8241	4.4564
688339.XSHG	2021-01-27	-4364.9882	10.0273	40.0802	21.3786
688356.XSHG	2021-01-27	79.1107	7.3017	36.2896	10.0456
688357.XSHG	2021-01-27	34.5232	4.0944	9.1869	18.2557
688358.XSHG	2021-01-27	34.0071	3.221	10.6368	44.7507
688360.XSHG	2021-01-27	38.4116	2.9063	3.1204	10.8752
688363.XSHG	2021-01-27	146.3112	18.437	40.4712	151.1139
688365.XSHG	2021-01-27	93.6016	7.9403	17.6372	250.3238
688366.XSHG	2021-01-27	78.3934	3.4054	13.4761	79.816
688368.XSHG	2021-01-27	217.3435	9.6581	11.9264	124.3133
688369.XSHG	2021-01-27	39.4053	3.8248	6.7345	5.0451
688377.XSHG	2021-01-27	34.8753	2.1013	4.3691	26.2754
688378.XSHG	2021-01-27	47.1905	2.5142	13.2419	3.5697
688379.XSHG	2021-01-27	30.8688	2.2471	2.3624	9.9595
688386.XSHG	2021-01-27	68.2236	6.7795	13.7228	-455.5391
688388.XSHG	2021-01-27	107.5308	7.531000000000001	18.0239	27.2898
688389.XSHG	2021-01-27	72.9574	8.5104	17.9956	22.9846
688390.XSHG	2021-01-27	137.9562	22.1552	24.3207	31.1734
688393.XSHG	2021-01-27	43.0469	3.0001	9.3329	7.3704
688396.XSHG	2021-01-27	93.2355	7.4557	11.7297	17.0465
688398.XSHG	2021-01-27	35.727	4.1609	7.1407	20.4945
688399.XSHG	2021-01-27	20.6929	8.9311	10.6288	58.3241
688408.XSHG	2021-01-27	103.2132	10.8877	9.12	25.5866
688418.XSHG	2021-01-27	66.4986	3.3378	8.5264	12.681
688466.XSHG	2021-01-27	30.5352	2.505	4.1699	6.1553
688488.XSHG	2021-01-27	174.0807	6.6161	27.2866	46.833999999999996
688500.XSHG	2021-01-27	48.4452	2.2796	7.3918	19.1612
688505.XSHG	2021-01-27	93.1804	9.2278	19.733	18.3261
688508.XSHG	2021-01-27	112.3383	7.3601	24.0541	32.5635
688510.XSHG	2021-01-27	148.4344	7.6163	25.5197	316.4498
688513.XSHG	2021-01-27	41.0951	2.7831	6.0454	4.4946
688516.XSHG	2021-01-27	51.0951	6.8419	6.7581	34.6845
688518.XSHG	2021-01-27	116.387	2.8128	4.7139999999999995	14.9506
688519.XSHG	2021-01-27	48.545	2.5285	3.3573	5.2634
688520.XSHG	2021-01-27	-28.0195	25.6733	60531.5938	70.6702
688521.XSHG	2021-01-27	-410.3277	16.6263	29.4373	1272.2251
688526.XSHG	2021-01-27	51.7483	7.4495	26.5931	85.1638
688528.XSHG	2021-01-27	46.2516	3.2798	8.1741	6.4335
688529.XSHG	2021-01-27	39.8121	3.6168	3.0784	75.6582
688536.XSHG	2021-01-27	220.158	16.5485	73.5895	77.824
688550.XSHG	2021-01-27	37.9255	2.1561	6.0469	3.6006
688551.XSHG	2021-01-27	46.7509	2.5866	13.672	63.9687
688555.XSHG	2021-01-27	32.5537	3.4155	11.9727	9.1664
688556.XSHG	2021-01-27	41.5566	3.7121	4.1263	11.8495
688557.XSHG	2021-01-27	18.6788	3.0661	4.6218	1718.3951
688558.XSHG	2021-01-27	37.7217	3.3053	5.8708	6.1423
688559.XSHG	2021-01-27	54.5649	3.9272	4.3314	7.0689
688560.XSHG	2021-01-27	36.8533	3.0944	4.6231	199.9576
688561.XSHG	2021-01-27	-153.7288	8.5938	22.5264	30.6145
688566.XSHG	2021-01-27	38.6569	2.9938	8.3801	68.585
688567.XSHG	2021-01-27	-167.6095	4.0677	29.0282	26.3578
688568.XSHG	2021-01-27	101.1056	10.3459	20.6689	33.0079
688569.XSHG	2021-01-27	31.3072	1.9569	3.4727	3.9579
688571.XSHG	2021-01-27	31.006	2.2809	2.9969	77.7952
688577.XSHG	2021-01-27	38.2768	2.9099	5.4005	6.0276
688578.XSHG	2021-01-27	-40.6735	4.859	25426.2793	97.3797
688579.XSHG	2021-01-27	62.9426	4.4703	10.2463	-23.6079
688580.XSHG	2021-01-27	63.2667	5.4177	20.9513	19.9321
688585.XSHG	2021-01-27	39.4673	4.2784	2.6933	58.0236
688586.XSHG	2021-01-27	61.1794	5.7354	14.4075	11.056
688588.XSHG	2021-01-27	52.7551	7.5339	14.0739	36.5693
688589.XSHG	2021-01-27	77.04	4.2814	11.4357	33.2576
688590.XSHG	2021-01-27	37.62	2.9501	2.6844	19.5243
688595.XSHG	2021-01-27	68.9947	6.9557	16.1574	10.7332
688596.XSHG	2021-01-27	36.0349	2.5772	3.5783	7.6052
688598.XSHG	2021-01-27	156.6384	15.4331	56.205	520.9762
688599.XSHG	2021-01-27	47.1393	3.5088	1.9464	60.0846
688600.XSHG	2021-01-27	47.3799	2.6860000000000004	5.4582	46.2323
688608.XSHG	2021-01-27	300.2275	7.7858	50.056000000000004	245.334
688617.XSHG	2021-01-27	168.6498	9.9631	35.4368	222.8782
688618.XSHG	2021-01-27	38.856	3.9759	13.0697	118.6047
688656.XSHG	2021-01-27	122.4654	8.5173	28.2775	-425.7252
688658.XSHG	2021-01-27	26.6614	2.8132	2.3301	143.9025
688668.XSHG	2021-01-27	31.6529	3.0745	6.523	48.2906
688669.XSHG	2021-01-27	26.4393	3.0545	2.4174	-292.3819
688678.XSHG	2021-01-27	26.92	2.5519	6.6182	160.4885
688679.XSHG	2021-01-27	20.4379	1.7537	2.3051	25.9244
688680.XSHG	2021-01-27	116.67299999999999	8.2226	13.2026	355.3603
688686.XSHG	2021-01-27	147.221	13.8664	54.7665	-215.6424
688689.XSHG	2021-01-27	62.8923	4.3703	7.0806	52.8652
688698.XSHG	2021-01-27	35.736	3.7968	5.2406	51.6193
688699.XSHG	2021-01-27	45.2967	4.4475	9.3377	-110.4172
688777.XSHG	2021-01-27	111.7532	11.5961	14.9162	959.5751
688788.XSHG	2021-01-27	37.0577	3.3167	11.3334	-429.1197
688819.XSHG	2021-01-27	24.1265	4.6788	1.4437	43.9648
688981.XSHG	2021-01-27	122.2546	4.5853	16.9739	9.0421
689009.XSHG	2021-01-27	-920.1681	20.7118	14.9071	-438.9591
